159 10197
1 2 5
2 3 14
3 4 19
4 5 7
5 6 11
6 7 8
7 8 3
8 9 12
9 10 2
10 11 8
11 12 4
12 13 11
13 14 4
14 15 12
15 16 2
16 17 6
17 18 20
18 19 13
19 20 3
20 21 14
21 22 15
22 23 20
23 24 10
24 25 3
25 26 5
26 27 10
27 28 19
28 29 9
29 30 17
30 31 5
31 32 5
32 33 14
33 34 10
34 35 16
35 36 20
36 37 12
37 38 3
38 39 3
39 40 3
40 41 4
41 42 10
42 43 7
43 44 14
44 45 5
45 46 10
46 47 8
47 48 10
48 49 1
49 50 12
50 51 13
51 52 14
52 53 6
53 54 4
54 55 15
55 56 20
56 57 8
57 58 5
58 59 18
59 60 16
60 61 13
61 62 3
62 63 12
63 64 6
64 65 12
65 66 7
66 67 6
67 68 4
68 69 1
69 70 20
70 71 18
71 72 4
72 73 1
73 74 16
74 75 10
75 76 5
76 77 17
77 78 9
78 79 15
79 80 18
80 81 20
81 82 19
82 83 11
83 84 17
84 85 2
85 86 18
86 87 16
87 88 9
88 89 14
89 90 13
90 91 16
91 92 6
92 93 7
93 94 7
94 95 12
95 96 19
96 97 6
97 98 9
98 99 14
99 100 6
100 101 8
101 102 3
102 103 2
103 104 20
104 105 19
105 106 11
106 107 4
107 108 15
108 109 11
109 110 18
110 111 12
111 112 10
112 113 16
113 114 15
114 115 18
115 116 17
116 117 12
117 118 13
118 119 17
119 120 17
120 121 5
121 122 12
122 123 2
123 124 12
124 125 11
125 126 5
126 127 2
127 128 16
128 129 13
129 130 7
130 131 13
131 132 12
132 133 9
133 134 14
134 135 11
135 136 7
136 137 16
137 138 7
138 139 14
139 140 6
140 141 4
141 142 5
142 143 7
143 144 12
144 145 11
145 146 4
146 147 20
147 148 14
148 149 8
149 150 9
150 151 10
151 152 13
152 153 12
153 154 12
154 155 16
155 156 2
156 157 8
157 158 9
158 159 9
148 29 14
16 5 7
89 60 15
68 63 20
27 139 19
14 16 14
103 92 2
10 66 6
39 10 13
28 3 1
143 150 7
21 92 1
143 106 14
143 99 8
76 125 11
66 65 4
77 8 18
125 102 14
94 140 13
89 8 12
54 77 10
132 23 16
129 91 8
112 74 4
82 76 8
117 141 14
8 58 2
76 108 12
49 42 11
32 56 18
28 35 20
88 7 18
7 136 4
115 14 10
78 21 17
91 138 7
9 71 20
19 146 19
130 36 19
147 152 2
13 20 10
40 33 3
16 39 16
156 154 19
136 157 19
118 88 7
81 96 6
112 114 16
7 10 20
29 156 14
32 95 1
69 134 19
113 75 14
59 71 15
103 133 5
9 17 3
136 23 6
101 134 15
53 141 1
124 95 19
103 126 13
111 35 14
67 74 1
147 132 7
146 76 11
69 84 5
78 145 11
24 13 13
8 150 16
87 114 19
3 142 15
13 94 17
8 1 16
152 73 11
134 145 7
14 54 7
155 57 17
158 80 3
136 14 4
21 26 16
159 28 15
30 125 3
21 132 10
84 51 8
120 110 13
157 123 17
21 76 3
100 45 16
39 5 17
64 4 15
17 59 20
141 134 1
40 135 1
16 134 20
125 119 8
14 82 3
58 102 6
100 43 3
44 7 12
94 71 20
144 87 11
149 154 8
100 119 6
19 55 9
137 133 14
60 21 12
2 143 12
129 76 8
136 99 11
132 124 1
144 134 18
138 44 7
23 88 9
82 107 9
106 84 17
70 143 11
90 71 18
136 40 20
151 101 13
100 73 17
34 58 12
41 121 5
148 144 4
155 151 5
131 24 2
7 93 7
61 108 15
25 10 13
64 1 14
42 27 12
154 145 5
156 111 18
128 99 17
28 94 14
34 151 10
49 157 10
133 143 14
128 8 4
89 71 1
150 38 14
124 33 8
82 114 8
75 82 6
63 35 8
42 68 4
45 117 14
139 16 9
108 144 13
87 73 11
66 148 1
156 112 5
157 119 2
24 34 19
1 22 1
72 64 10
59 108 13
129 13 16
23 121 4
9 48 10
66 39 7
2 120 18
54 117 9
146 140 7
2 67 10
51 138 2
93 122 17
93 17 12
34 39 13
118 48 7
41 39 2
37 40 7
144 20 5
52 6 8
5 7 20
53 142 1
90 76 14
75 94 18
72 127 19
116 11 11
132 136 4
28 13 9
42 156 20
14 134 2
129 80 15
112 87 9
113 141 11
47 53 4
14 4 10
24 12 7
85 133 5
97 61 1
19 92 10
78 55 18
141 110 17
97 62 4
142 15 17
113 146 10
156 159 10
154 108 13
136 33 10
60 55 16
111 73 14
100 151 12
66 132 2
110 155 19
8 63 17
46 17 13
136 13 14
156 92 8
28 69 13
32 54 11
108 5 18
116 31 2
19 22 4
117 131 15
42 138 19
141 109 17
151 86 13
2 82 20
44 109 1
45 140 4
99 88 8
67 129 4
111 74 5
54 31 12
150 72 3
76 138 16
92 130 11
46 57 6
92 100 17
131 144 5
139 84 7
78 76 14
131 113 11
47 7 11
19 82 13
54 84 4
39 101 6
109 147 8
27 5 2
53 135 15
60 115 19
6 118 11
80 15 3
143 61 11
87 5 9
29 144 16
109 23 12
84 58 4
116 84 8
14 63 20
55 122 8
106 53 19
158 132 17
4 41 17
100 128 12
118 82 19
146 116 9
115 41 9
156 82 12
42 95 5
147 75 5
49 106 18
152 104 9
111 107 2
142 47 18
92 91 9
111 3 12
78 43 3
29 39 18
63 6 2
85 152 17
69 126 7
31 119 16
39 155 4
14 137 19
116 154 3
67 31 11
133 35 6
80 63 3
34 51 17
82 61 20
130 55 10
125 85 7
150 49 15
122 148 13
151 30 14
112 96 2
159 69 3
90 148 13
58 107 3
32 29 13
157 85 3
89 50 14
66 40 15
123 87 6
83 5 16
38 42 15
109 41 16
54 130 11
147 29 7
56 60 19
26 142 2
134 156 2
9 147 20
17 110 17
98 119 13
123 156 14
11 105 7
127 85 12
83 72 9
60 127 18
151 78 18
93 53 7
159 146 2
116 3 11
159 100 5
133 148 17
147 159 14
128 52 5
80 60 15
144 45 14
35 122 12
66 55 6
94 139 14
36 95 10
87 21 19
97 79 16
29 66 20
151 120 6
113 125 16
72 109 5
84 69 2
14 135 8
81 154 18
49 30 1
30 116 3
110 138 20
104 93 6
24 84 6
79 38 4
66 35 20
135 82 7
36 98 19
30 20 16
145 37 2
27 73 18
6 114 10
98 61 5
22 53 5
144 84 13
105 75 5
63 50 18
46 11 19
23 41 8
134 111 18
40 137 3
56 142 7
101 6 16
95 113 14
82 23 3
115 127 15
22 116 8
11 2 14
23 109 16
54 9 20
122 49 20
79 123 17
11 118 10
49 17 19
71 73 1
39 55 20
80 87 4
81 130 10
30 53 3
39 13 6
13 109 3
42 113 6
12 49 16
76 97 19
73 9 16
100 132 8
74 52 18
143 58 2
75 13 14
145 51 5
93 148 19
153 30 11
92 41 6
73 42 6
156 115 10
151 140 20
42 139 15
20 48 5
52 48 2
137 33 9
1 51 19
132 45 9
143 62 9
43 134 6
39 56 20
129 48 3
116 89 2
155 34 16
91 86 10
40 63 11
125 64 3
124 121 10
107 62 3
8 25 3
63 101 16
110 84 8
125 130 7
158 65 11
10 131 7
158 156 12
62 158 15
23 44 19
53 77 2
124 84 11
1 72 12
91 108 3
53 73 19
94 156 11
67 92 5
6 90 20
68 151 18
21 99 6
125 77 14
57 127 1
88 127 3
71 144 19
137 122 3
14 56 12
126 49 17
50 54 11
55 47 19
144 67 4
117 32 12
7 89 8
65 102 10
35 98 2
3 114 1
59 27 3
33 116 1
86 61 19
132 71 14
125 32 6
156 69 11
11 73 8
38 129 19
135 11 9
135 13 2
149 156 17
54 29 1
9 40 14
103 98 18
107 63 5
68 144 7
109 155 4
140 118 14
131 94 14
76 69 13
134 143 14
144 38 5
37 46 18
76 74 12
26 106 18
7 14 20
67 48 6
114 113 13
56 84 14
94 159 14
144 59 20
116 129 8
117 6 10
84 7 4
73 32 3
40 123 16
2 30 1
33 69 9
107 51 11
42 144 2
130 128 5
1 66 10
91 145 15
24 139 11
55 4 17
19 127 2
133 52 4
43 16 19
47 77 4
17 130 20
58 139 18
20 35 6
43 99 9
97 28 5
41 154 7
15 132 10
142 147 8
75 61 6
77 21 17
47 24 13
130 127 14
13 66 2
36 94 7
2 14 5
16 145 6
157 58 6
157 118 11
74 65 20
46 88 12
72 39 3
55 10 16
119 22 18
7 142 6
123 144 19
90 85 3
113 9 16
124 6 14
95 6 6
41 51 3
105 48 11
42 152 2
148 24 14
131 158 16
115 147 2
40 122 13
133 6 10
139 81 9
144 147 19
35 66 20
83 98 3
110 139 2
97 54 18
16 25 3
57 65 15
28 30 1
112 4 2
86 142 8
154 52 12
29 12 19
8 20 15
14 130 1
13 152 13
120 9 5
67 65 1
86 19 9
152 56 6
138 141 1
130 61 14
121 89 6
92 96 17
1 35 11
60 133 1
13 93 11
149 85 12
31 96 10
28 88 9
101 151 14
9 122 1
126 83 4
96 100 6
86 100 10
130 86 4
8 98 9
53 88 9
89 44 16
142 71 16
92 98 16
22 106 17
24 72 10
84 65 13
110 51 5
36 10 2
133 72 16
61 60 14
31 70 14
101 93 14
39 22 7
144 158 1
142 68 11
150 152 18
95 102 6
10 63 17
92 36 16
153 23 16
142 53 3
114 153 5
18 118 2
29 102 8
62 84 4
134 159 4
26 20 4
53 30 4
15 47 20
134 40 14
3 93 7
82 40 9
40 93 9
67 145 17
151 31 8
76 68 7
96 132 12
51 99 12
97 101 20
137 52 11
85 139 16
146 61 17
140 26 20
88 93 2
24 10 7
93 11 7
28 106 10
27 156 20
126 94 17
39 156 20
31 81 6
114 67 8
78 133 17
60 146 15
27 95 9
109 28 2
25 141 20
72 93 15
66 70 4
147 134 20
153 29 15
146 143 15
45 124 6
116 123 10
52 57 20
5 76 8
71 52 9
5 24 17
148 16 14
86 3 2
139 82 15
147 153 15
157 38 4
68 153 6
4 130 17
134 61 1
43 131 4
35 61 1
157 50 3
116 61 1
49 126 12
95 39 16
125 36 18
119 103 16
2 33 4
101 7 10
42 134 3
119 9 16
135 7 13
91 122 13
50 97 4
16 32 12
49 82 4
130 41 4
46 128 3
17 154 12
48 122 11
135 81 19
124 56 10
88 147 13
113 37 8
103 138 17
58 112 4
133 83 14
151 128 10
128 144 4
110 117 7
52 33 4
108 4 11
21 108 11
142 149 7
120 148 14
73 69 8
155 115 5
49 130 5
118 139 9
75 110 14
92 2 18
74 35 4
144 140 13
7 123 18
143 9 3
92 81 19
25 2 20
109 50 3
1 93 17
88 8 9
157 26 3
24 99 18
139 9 12
44 16 11
23 158 9
149 17 3
110 126 17
100 75 5
61 96 20
154 156 1
105 69 4
15 53 1
143 153 11
6 77 12
80 19 14
30 145 10
130 145 6
42 61 16
63 150 16
144 2 11
53 122 20
154 137 2
97 46 5
102 52 20
17 131 5
156 2 20
128 57 8
80 24 7
92 12 6
24 156 6
145 134 20
150 128 15
134 151 9
36 19 20
100 35 17
24 31 20
102 84 19
81 4 7
47 21 14
87 129 1
55 114 8
145 105 10
137 79 6
16 40 7
31 140 8
18 89 18
16 31 2
71 112 15
159 84 2
15 96 8
111 151 13
108 62 10
73 39 8
40 140 4
99 11 20
118 113 9
93 129 2
77 125 19
150 124 6
85 65 17
16 91 18
3 139 6
41 31 19
21 48 18
117 45 16
70 130 3
91 79 11
94 4 2
118 151 12
133 9 10
135 147 7
101 103 6
48 151 15
5 121 3
159 18 5
39 115 20
53 46 18
106 65 11
149 23 20
49 81 16
82 141 1
2 9 10
8 141 11
50 71 3
159 70 1
120 34 11
11 87 3
139 33 12
37 108 16
86 156 16
69 4 4
39 90 5
38 24 14
112 73 20
148 72 16
127 117 18
61 127 18
41 32 18
11 69 18
88 80 2
87 149 19
153 28 7
141 150 12
37 103 20
2 17 1
37 144 12
32 45 3
27 11 1
140 21 7
127 35 12
110 121 4
22 114 11
24 22 13
48 143 6
145 144 20
79 107 18
56 138 18
1 90 8
136 156 9
106 123 18
155 159 2
35 21 11
27 129 7
94 18 11
105 88 7
58 92 9
154 148 3
135 74 2
53 50 20
77 155 6
49 76 12
153 110 8
53 136 14
61 121 11
148 94 13
6 99 12
79 8 20
152 6 16
127 1 12
122 44 17
39 86 4
74 148 13
136 32 20
47 92 18
73 6 2
71 12 6
26 41 3
117 146 10
43 94 20
86 91 19
12 7 18
85 134 11
43 74 3
7 140 1
92 25 5
26 141 8
2 109 15
25 35 18
97 131 4
83 142 6
120 25 15
8 61 11
66 62 15
158 86 11
24 153 18
110 102 12
60 63 1
156 119 4
80 27 1
125 51 16
104 135 9
5 124 3
153 116 3
47 40 13
131 148 7
158 99 3
64 84 16
22 81 3
125 86 18
27 136 2
121 80 15
75 11 10
90 89 4
8 135 9
96 106 4
18 104 12
126 93 8
64 115 14
120 80 20
43 106 19
102 153 7
62 68 7
72 157 14
37 90 2
42 26 13
35 43 4
126 95 20
67 158 20
15 118 12
132 86 4
67 29 4
7 16 8
42 87 3
91 124 18
30 6 11
85 40 14
84 91 11
17 83 1
138 42 3
150 52 9
104 54 1
119 124 19
132 43 10
96 51 2
27 85 10
151 14 9
82 110 20
90 131 9
113 35 2
34 110 18
21 54 17
152 144 9
35 46 13
12 51 10
22 151 16
35 90 14
71 131 2
42 88 9
2 86 18
112 61 7
6 4 4
30 156 11
100 116 7
117 53 16
1 75 14
120 35 13
2 105 10
59 72 16
153 74 15
122 26 11
110 116 4
123 146 4
45 12 12
87 55 12
30 55 11
124 101 11
148 102 6
69 86 7
4 80 2
23 42 12
103 77 17
112 40 4
43 85 5
89 97 5
114 52 13
116 125 19
143 56 16
70 58 8
75 134 6
42 1 15
118 143 19
84 112 6
9 19 17
31 138 18
8 79 2
109 120 16
38 104 19
47 99 16
59 99 15
6 82 3
148 23 2
27 90 10
130 87 17
108 50 17
113 151 8
73 143 17
102 31 6
126 61 1
41 130 19
123 154 6
71 27 19
1 68 10
14 64 8
63 68 4
139 21 12
48 97 17
4 60 11
64 81 14
80 125 18
74 25 9
27 120 11
94 101 5
157 115 20
151 82 17
12 47 11
108 114 12
112 15 14
81 147 18
47 157 17
156 89 11
137 142 1
60 23 12
51 30 9
148 77 19
53 115 17
5 55 2
11 42 20
142 124 16
64 53 18
106 147 19
88 113 12
37 87 12
58 68 15
79 25 9
34 54 18
14 22 11
55 7 5
19 94 14
71 65 15
144 24 8
97 116 9
109 111 20
7 94 9
69 99 7
108 58 6
78 72 14
143 126 13
31 71 19
142 141 2
40 51 3
26 74 7
63 71 7
156 152 3
95 23 7
153 33 1
150 138 5
116 101 6
27 157 11
94 44 3
70 39 14
104 7 6
16 121 8
93 144 10
41 126 16
74 27 7
137 69 14
79 68 10
2 50 10
46 71 15
10 43 16
159 72 13
137 13 16
38 105 13
44 72 16
43 71 20
32 48 1
62 52 18
119 54 18
121 25 12
11 89 19
83 76 4
95 109 9
102 123 11
70 34 3
60 4 20
142 48 3
115 10 19
83 43 16
20 131 14
28 132 10
48 81 10
99 132 5
62 92 8
21 62 7
113 47 6
12 30 6
134 70 9
121 152 17
141 97 9
121 50 17
122 98 16
107 37 18
46 25 3
129 45 1
153 157 14
106 94 10
21 153 19
116 114 12
93 96 1
42 142 6
132 30 13
144 62 7
127 108 12
128 77 15
117 70 8
67 16 20
131 121 15
105 77 1
156 11 7
145 137 14
25 109 3
78 110 5
26 158 1
102 92 18
97 34 20
112 154 11
158 24 4
76 93 9
12 23 13
74 10 15
23 110 2
127 113 14
113 138 10
78 6 12
1 28 1
148 65 13
34 64 20
23 65 7
9 2 4
140 75 15
146 23 9
79 149 17
48 28 17
89 106 6
23 90 20
87 101 18
76 62 20
140 41 9
141 43 3
141 138 4
5 110 5
153 36 20
107 25 16
138 19 3
10 126 2
29 139 14
8 55 4
9 121 13
18 28 17
93 95 3
154 99 2
60 18 17
99 124 20
66 102 20
106 111 6
30 71 12
10 129 18
56 68 16
10 49 17
110 43 16
96 145 4
35 110 15
26 137 15
131 15 20
58 80 7
128 78 13
23 84 1
16 107 4
57 83 5
99 96 6
154 45 7
21 23 1
77 37 12
134 42 18
29 119 3
51 128 3
67 75 18
56 64 19
150 86 13
159 151 12
45 80 11
152 117 16
114 66 12
155 43 6
40 141 14
8 24 17
8 93 15
72 144 13
82 38 6
73 155 11
79 133 4
36 29 9
101 143 14
94 50 18
101 158 7
35 91 13
106 1 5
106 134 13
143 119 19
65 147 19
38 9 5
151 142 9
60 38 19
111 131 19
122 158 9
158 33 20
127 64 8
18 10 16
65 78 9
111 142 12
1 106 19
1 23 7
27 9 20
36 119 6
106 7 17
90 5 18
16 57 1
16 75 1
2 65 2
21 101 5
113 102 20
53 28 3
135 54 20
106 15 7
49 47 3
74 136 4
58 151 4
153 1 8
58 134 18
85 101 20
112 100 13
139 121 3
118 76 13
58 149 20
104 155 3
6 92 16
82 85 2
15 4 8
34 146 7
73 71 2
151 23 17
122 87 14
68 130 2
46 29 9
72 58 9
98 64 13
21 145 12
48 85 16
149 44 14
76 43 18
104 34 15
71 155 20
85 148 8
88 35 1
92 32 3
92 129 16
23 76 17
50 123 9
153 39 5
10 40 1
97 143 9
58 140 9
105 65 7
123 78 8
109 125 8
4 143 15
5 147 14
128 3 9
92 135 20
131 76 9
41 50 12
106 104 15
96 146 16
99 64 10
98 62 5
7 38 20
154 62 9
156 6 16
57 119 10
58 94 15
107 53 18
136 116 4
122 68 12
111 115 11
134 138 18
2 145 11
118 65 17
43 61 12
70 43 18
68 100 12
33 132 10
102 108 2
34 155 2
64 107 2
128 81 8
21 8 14
36 125 16
113 93 14
121 3 20
14 71 2
85 103 12
50 130 2
129 4 2
43 152 15
72 47 9
5 152 19
82 29 14
64 67 4
32 28 6
127 126 8
88 51 17
21 100 18
146 155 20
33 38 12
112 35 14
35 130 19
63 29 4
55 106 14
8 100 15
133 90 17
109 108 2
50 96 8
130 88 16
8 84 2
128 125 16
7 159 20
53 147 6
87 42 7
79 49 5
37 107 2
9 57 15
159 32 17
63 2 11
84 94 16
57 62 6
152 154 7
58 132 18
78 59 7
44 63 2
35 100 12
115 108 3
143 33 1
34 95 3
12 19 6
73 1 15
25 78 5
135 2 2
119 153 13
23 108 19
48 96 19
81 66 20
41 49 7
52 152 5
50 153 11
1 156 15
62 58 9
63 38 4
56 146 14
90 129 10
111 153 16
18 2 18
84 42 12
153 94 2
84 143 6
98 143 12
115 46 6
53 154 14
124 139 3
20 96 14
13 134 18
14 125 11
56 90 10
149 47 5
58 83 2
127 41 1
13 130 20
131 109 14
90 28 20
105 1 11
118 51 1
14 66 2
88 112 18
146 120 19
113 1 11
51 57 10
107 6 16
20 4 17
47 96 16
67 126 12
12 84 2
134 24 17
25 37 19
10 23 16
29 61 9
120 37 14
84 144 5
158 89 7
77 61 9
108 128 11
143 71 5
92 142 10
128 92 5
77 88 6
137 84 9
100 62 14
10 56 14
98 127 11
84 61 7
137 119 14
42 102 3
81 119 9
69 88 16
67 90 19
19 152 10
17 92 6
57 102 1
110 98 11
11 127 10
129 145 11
157 149 8
68 129 7
135 59 6
79 52 7
21 69 5
44 11 2
114 9 17
124 135 7
20 120 9
17 35 8
58 95 13
113 159 1
97 80 9
148 15 4
58 37 13
153 42 9
53 81 14
2 46 14
61 150 3
28 7 14
153 149 5
112 102 14
47 125 8
145 113 20
104 96 17
33 15 15
105 68 18
27 69 10
8 129 11
35 82 8
97 1 1
20 112 19
145 28 17
25 54 11
46 43 17
146 73 15
54 25 7
48 32 17
102 104 8
24 107 13
109 26 6
61 47 20
145 117 5
54 67 2
152 39 14
49 25 13
51 78 9
4 125 14
124 152 10
120 16 6
137 124 1
15 110 7
77 95 1
93 75 4
88 152 7
40 42 4
150 18 13
51 106 8
69 71 9
104 116 18
13 19 2
64 98 8
158 47 19
158 63 11
151 116 16
33 120 6
135 41 3
81 13 14
151 135 7
33 114 12
52 67 2
10 130 7
126 24 4
114 5 7
2 116 11
120 143 8
28 60 15
39 93 11
147 70 20
129 5 7
126 26 11
104 140 9
74 62 14
75 18 16
137 99 20
46 34 18
105 18 2
123 126 2
33 141 11
38 53 18
5 11 13
144 99 18
46 138 13
38 70 7
37 16 2
1 138 7
111 97 3
116 134 6
95 72 11
99 8 3
10 33 12
140 11 5
55 76 3
68 113 16
114 75 11
103 1 5
152 86 6
13 83 17
38 91 11
47 123 3
112 59 7
7 134 1
74 13 16
110 56 1
126 39 1
152 44 11
5 48 10
87 156 11
103 13 17
66 68 3
51 40 2
25 112 13
38 122 12
51 157 18
138 123 11
29 42 12
157 46 10
138 132 5
156 76 2
146 67 13
88 117 10
122 142 19
71 105 4
132 155 7
89 59 3
11 14 19
50 11 1
148 74 20
157 70 11
30 56 5
129 69 4
34 32 18
135 28 15
114 85 13
16 14 8
125 110 9
32 85 10
68 73 20
43 87 2
24 5 9
19 124 9
135 66 8
3 38 2
87 90 14
33 135 10
149 146 19
124 134 3
92 62 16
42 151 5
36 35 2
123 122 11
158 83 1
39 116 10
55 105 13
31 95 11
11 27 12
16 68 4
99 53 2
134 13 15
98 134 17
39 108 20
122 34 3
4 20 16
157 122 2
118 44 3
133 38 6
72 90 19
46 103 5
69 3 1
108 37 20
155 70 14
158 15 9
32 6 7
79 112 18
103 155 9
28 128 18
152 125 18
112 97 5
98 6 15
19 39 9
21 119 20
80 117 17
90 75 16
98 153 16
37 23 12
20 135 3
125 128 4
2 80 15
139 104 9
46 122 5
148 69 16
86 74 8
38 4 1
154 101 12
75 64 17
150 83 6
119 134 15
128 135 14
159 114 8
122 86 5
123 74 7
9 1 20
12 38 8
100 118 15
97 118 5
126 108 18
131 67 12
19 121 16
43 79 12
128 49 17
127 87 10
127 39 9
91 154 9
49 62 12
92 33 11
40 86 8
32 40 10
78 127 6
93 57 10
141 39 11
69 29 6
107 115 16
27 142 3
88 32 5
120 133 7
132 46 9
97 136 12
128 85 5
64 149 12
58 18 10
6 132 5
32 41 20
46 72 16
91 130 15
152 103 6
142 157 6
150 108 7
139 97 11
38 40 12
43 97 16
159 137 7
130 135 15
147 105 9
135 121 3
122 72 8
119 82 19
152 5 18
89 116 20
54 20 3
151 60 18
54 148 4
29 46 5
60 41 11
106 60 14
144 108 14
90 152 11
111 145 14
37 159 12
75 54 20
6 130 16
96 24 19
83 138 7
56 38 4
16 143 2
121 53 8
149 68 13
99 104 10
93 135 6
72 76 10
8 151 13
90 55 11
72 18 14
87 86 16
14 123 5
37 63 20
130 42 16
64 102 2
61 18 3
29 31 4
20 118 14
159 92 4
17 77 8
28 145 20
91 85 1
62 121 4
62 18 11
42 7 17
88 67 1
120 95 20
1 40 14
82 108 18
85 13 16
155 52 15
80 139 10
127 129 4
144 1 6
150 59 8
142 60 5
78 92 5
117 83 18
82 5 6
147 15 1
155 11 8
19 90 15
30 142 5
16 52 17
55 127 5
94 110 20
26 49 12
34 43 12
39 70 2
138 35 19
148 52 2
5 132 15
146 97 4
39 72 17
6 106 10
41 40 19
153 150 12
149 25 14
66 63 1
56 126 9
126 115 16
56 45 17
99 116 15
101 39 16
47 100 11
86 112 6
35 26 10
26 14 10
8 140 18
59 21 5
114 65 2
139 106 8
137 27 17
16 38 9
42 15 9
79 145 18
16 20 20
66 131 6
65 64 12
16 51 6
6 73 4
111 123 5
63 41 7
26 4 10
41 138 5
26 114 15
131 115 15
28 130 4
91 51 2
138 66 5
66 156 13
47 108 17
17 96 9
2 122 1
113 3 10
58 113 8
29 84 6
151 111 8
93 127 2
81 32 13
118 97 5
69 142 9
5 22 13
126 149 6
54 96 15
8 155 18
91 22 8
128 19 12
21 151 10
52 115 13
75 150 8
87 70 7
34 8 13
23 132 19
118 80 8
129 61 17
97 5 9
44 155 10
95 111 2
10 27 1
79 97 3
74 12 16
81 137 5
53 83 6
58 36 4
40 6 20
136 106 5
58 46 17
27 46 2
32 142 4
105 79 12
27 57 16
5 65 13
63 27 17
28 32 8
27 144 3
133 141 13
19 158 16
39 110 19
54 141 4
150 13 7
137 39 11
112 43 14
33 31 16
110 58 9
159 85 2
37 143 11
130 2 16
158 125 7
157 20 17
138 95 5
58 81 10
26 29 11
57 87 1
40 103 5
124 103 4
33 10 8
34 74 19
85 99 8
104 106 20
39 125 19
36 108 7
155 125 1
9 142 1
111 85 2
54 63 1
63 12 10
62 118 18
86 62 1
33 70 14
157 116 11
32 83 9
87 82 17
38 7 18
102 5 15
124 112 1
112 103 2
107 58 18
63 48 20
145 22 12
149 120 16
76 127 4
39 59 2
140 54 4
144 60 7
135 109 7
53 146 19
2 93 16
70 97 8
91 17 11
136 68 14
104 13 7
3 140 15
56 50 12
41 109 16
150 46 20
62 11 5
155 33 8
76 28 1
142 44 6
124 20 9
22 49 4
159 130 9
134 43 13
9 90 7
54 30 11
149 130 2
22 31 6
134 114 16
18 54 17
38 61 3
12 81 16
135 22 8
18 21 11
107 95 2
62 156 17
118 128 5
39 28 4
142 81 13
20 142 7
31 148 2
20 153 8
126 59 11
72 48 12
92 101 16
88 143 1
141 133 18
111 1 20
33 83 14
140 14 1
10 51 15
41 48 17
31 139 20
157 153 3
107 90 19
45 127 15
124 85 15
148 110 1
128 123 1
36 30 11
95 107 3
159 30 16
59 122 14
6 137 12
135 30 6
99 114 12
13 64 4
66 112 17
45 8 16
75 138 5
152 159 15
134 84 20
110 142 18
60 147 14
77 48 8
87 72 9
13 84 5
44 76 4
102 120 19
122 35 4
30 27 8
114 111 2
96 82 1
10 31 19
142 95 6
55 39 4
64 120 17
139 80 7
81 60 11
64 13 18
91 99 3
94 123 11
29 80 1
11 100 18
28 55 5
44 34 14
3 59 20
9 119 2
73 131 20
89 155 14
130 141 15
19 63 2
24 93 8
49 158 3
27 26 18
136 69 11
6 157 4
7 91 7
23 4 12
71 18 14
116 73 10
22 92 4
15 154 3
13 100 17
123 25 8
108 115 3
41 46 1
63 135 13
59 152 18
100 66 8
121 83 3
87 49 17
81 64 5
106 32 1
57 134 16
40 9 9
126 134 9
41 122 19
62 21 13
121 120 11
115 8 14
62 37 8
126 150 7
29 57 19
93 46 3
55 86 13
76 73 19
90 34 19
21 149 4
34 21 4
22 142 3
73 132 1
155 41 14
137 58 9
128 151 19
18 46 17
30 47 3
61 63 18
64 83 10
74 43 1
103 64 19
73 62 1
25 57 14
6 34 17
139 87 7
84 105 16
40 134 15
142 120 3
129 25 14
106 24 10
28 127 1
92 125 1
128 149 12
130 80 4
30 144 8
7 68 16
113 33 16
107 15 7
4 70 14
69 101 8
101 128 9
38 60 3
120 113 3
100 83 9
120 138 12
72 146 6
105 86 12
108 81 17
102 22 5
44 150 5
7 135 20
126 89 14
66 12 2
104 50 16
9 94 1
43 92 9
32 37 15
97 70 9
27 13 3
6 141 17
1 147 16
146 39 20
28 105 19
129 134 13
117 142 1
58 110 5
70 142 7
93 79 16
112 105 9
79 111 10
67 137 9
105 83 11
135 126 18
110 144 1
18 96 4
128 66 7
110 71 5
114 72 2
144 85 14
21 79 3
111 5 19
35 139 12
86 84 3
56 17 1
24 8 19
59 5 3
98 76 17
82 2 10
29 6 4
11 3 14
101 104 10
107 89 17
102 85 6
63 52 20
121 56 15
144 131 11
151 58 20
20 149 16
116 151 9
57 95 18
147 41 20
3 25 8
87 64 15
40 126 16
144 13 3
128 156 16
149 148 17
147 93 16
95 49 19
93 31 20
112 19 7
4 71 8
153 22 8
119 110 19
58 93 17
139 48 12
97 146 17
32 120 16
50 77 7
68 5 2
157 1 1
155 35 20
136 18 5
12 157 18
122 50 7
144 121 15
102 8 10
151 84 17
79 30 1
9 155 6
10 153 11
117 148 12
100 50 13
16 147 2
65 35 18
15 19 4
123 120 9
147 38 9
101 42 18
123 135 8
152 70 10
13 112 11
152 52 10
75 153 6
155 58 19
51 158 3
152 121 4
17 34 19
49 135 14
37 24 8
93 16 7
154 28 9
43 105 11
67 106 12
78 27 1
123 3 13
39 154 14
74 96 14
72 71 20
67 51 7
119 36 14
3 66 16
69 12 19
147 123 19
35 159 4
69 73 19
63 70 20
32 106 16
98 83 3
106 143 1
11 132 9
6 70 7
78 33 18
113 84 9
39 129 5
111 110 7
107 88 7
53 12 4
135 61 6
45 70 18
62 6 6
43 11 4
78 14 5
85 53 18
52 91 14
14 42 20
38 74 6
130 98 9
116 49 1
60 117 10
102 53 5
20 67 9
31 8 20
111 21 19
91 26 9
143 81 10
96 123 5
94 74 8
10 35 9
2 39 11
46 70 3
24 122 8
93 138 20
21 47 10
46 143 3
46 77 15
39 95 7
133 55 15
60 94 18
31 4 20
136 109 15
25 123 4
3 88 1
135 133 20
118 142 2
120 150 16
30 114 19
119 14 14
14 158 3
138 30 15
32 91 13
109 115 18
118 85 4
17 12 18
22 159 2
51 114 20
95 53 13
108 51 8
13 6 2
44 23 6
78 137 3
48 106 8
42 69 11
125 137 20
51 141 19
5 27 10
77 33 8
89 124 1
58 146 7
136 49 1
73 81 9
156 5 13
128 55 10
77 144 5
119 126 5
121 85 12
50 49 13
34 120 11
10 9 11
118 4 11
97 39 10
28 16 20
82 134 13
67 120 16
118 28 13
43 104 15
91 61 20
51 84 17
145 154 11
74 64 16
48 86 10
18 113 16
42 121 4
141 113 4
52 71 20
158 114 8
80 130 12
35 107 14
84 92 19
17 6 14
158 139 13
130 139 20
17 75 13
129 56 4
40 65 16
79 102 14
50 126 19
82 147 4
155 104 16
153 9 1
97 91 8
34 77 16
103 127 5
34 132 12
45 22 11
15 103 4
154 42 18
149 71 14
69 80 6
91 96 13
87 96 15
124 141 15
157 113 18
42 60 9
57 88 4
136 55 1
84 119 12
120 51 7
14 143 5
26 79 11
40 158 16
107 126 8
145 11 11
131 96 5
59 62 5
40 71 2
6 155 11
62 41 9
54 140 14
120 6 20
49 131 1
26 78 15
75 148 7
18 119 19
16 104 14
150 143 10
16 148 3
159 135 6
35 29 16
53 148 16
75 122 19
96 74 15
84 148 6
105 26 19
49 105 20
32 22 6
105 19 2
80 57 19
108 74 1
22 97 3
70 17 4
143 14 12
57 159 7
148 104 12
95 78 18
117 109 18
154 54 19
116 59 18
113 7 13
2 113 2
51 23 14
37 91 7
105 148 6
106 136 11
132 156 8
104 39 18
23 118 9
45 74 15
39 27 14
106 114 1
36 5 16
142 41 9
103 72 8
147 18 7
136 150 4
127 20 18
153 127 6
157 12 1
61 50 3
55 81 11
3 117 11
150 131 5
62 32 19
5 153 3
154 111 6
99 107 7
151 146 9
4 99 5
138 90 18
60 35 20
17 144 9
41 60 6
9 47 14
123 51 8
139 131 5
48 70 11
36 147 14
95 150 17
17 80 3
51 108 18
22 94 14
30 140 7
124 57 13
82 30 10
157 65 5
59 159 6
40 87 3
78 63 11
59 24 20
82 109 10
40 27 19
4 83 11
12 112 12
9 18 17
153 102 2
64 93 2
76 4 5
138 107 9
4 45 7
112 153 2
64 59 10
72 137 12
24 138 14
126 135 4
154 118 7
13 65 17
16 90 11
122 14 14
134 17 17
68 54 9
41 117 11
102 29 15
16 138 10
23 30 14
147 97 17
137 87 10
68 140 18
81 121 19
98 146 18
151 90 18
35 18 7
63 82 20
126 136 18
140 105 8
3 67 16
15 128 19
155 78 5
44 46 19
62 116 20
143 41 19
119 74 19
50 139 3
127 142 3
23 156 12
70 77 3
113 119 11
105 73 9
110 106 8
151 112 17
118 11 9
32 149 19
74 78 3
96 75 7
7 77 9
45 121 11
150 34 19
79 150 2
110 93 5
148 105 1
158 77 7
73 24 2
16 63 14
16 24 7
93 118 18
54 114 5
14 88 4
89 24 2
22 26 9
127 70 16
129 72 1
152 84 19
89 99 20
48 115 18
98 133 5
34 27 14
44 125 13
133 54 6
94 125 15
4 2 7
15 84 3
29 109 2
3 149 19
100 122 15
59 74 20
103 40 5
76 19 10
14 94 12
64 147 3
150 10 11
100 109 15
146 138 14
117 140 8
37 6 5
22 65 10
113 8 7
89 9 15
122 107 8
89 96 6
70 86 19
85 33 14
148 47 18
54 136 13
145 112 15
50 3 4
142 103 9
76 63 15
23 116 12
51 129 2
18 80 11
50 18 6
22 158 1
157 89 16
110 53 12
49 139 3
101 87 9
82 130 12
133 99 14
150 19 16
125 122 1
25 70 6
131 20 19
156 42 5
131 106 7
157 33 7
80 3 19
138 101 4
128 46 19
19 93 11
5 138 4
74 112 3
19 65 14
87 147 20
61 118 16
90 115 16
43 120 12
14 98 4
145 151 5
112 10 19
142 100 12
37 99 3
62 44 3
151 130 9
123 116 20
120 76 20
80 114 19
25 95 3
136 105 14
118 130 17
154 69 11
142 112 14
133 8 2
22 50 14
147 21 11
64 35 4
18 74 20
36 92 19
66 115 20
36 84 2
30 112 17
68 29 2
75 66 15
124 23 1
145 99 18
105 22 17
104 121 15
42 82 15
42 73 12
85 34 5
48 64 9
68 131 18
72 131 1
97 22 16
110 92 10
15 143 18
61 51 10
143 135 1
56 15 11
90 63 7
79 138 7
135 92 12
32 38 19
53 7 19
70 74 15
33 14 8
25 74 7
58 142 20
59 124 16
69 139 17
127 58 18
19 118 16
67 149 7
109 148 3
108 47 17
47 89 20
120 21 1
103 14 14
152 20 9
131 89 11
29 62 18
146 53 1
13 29 2
86 67 13
58 147 1
22 108 2
9 100 20
75 71 7
109 25 10
88 11 1
37 71 16
77 82 9
65 139 11
25 52 20
119 138 11
53 5 2
127 75 8
3 26 10
90 36 2
148 33 12
116 140 2
107 45 12
131 22 3
63 66 6
41 70 8
94 70 7
96 95 8
111 57 10
99 15 1
83 73 6
63 149 6
33 155 5
55 100 17
71 88 20
40 129 16
11 148 5
49 84 9
145 120 2
158 59 9
136 141 16
155 129 17
37 2 10
134 141 17
158 138 6
89 18 8
14 28 3
94 2 20
25 146 10
96 70 10
23 131 16
108 127 15
22 4 7
17 63 5
111 61 18
134 75 11
136 15 15
42 108 5
115 58 11
149 80 4
7 102 2
6 135 4
99 67 7
136 128 4
36 128 7
12 142 13
53 17 17
80 83 1
58 15 3
81 20 14
157 4 16
2 115 14
6 122 14
41 90 12
137 158 4
31 15 13
50 14 12
132 93 6
72 114 13
51 21 15
70 121 8
75 9 13
41 98 4
18 22 19
133 121 11
23 135 14
80 68 11
152 107 4
10 68 11
30 108 16
90 103 17
105 103 6
52 153 17
73 108 8
35 47 16
95 136 11
6 35 15
15 102 6
129 136 13
60 79 10
5 23 7
72 85 9
71 33 9
31 6 16
125 67 6
53 104 18
87 13 14
29 87 10
90 134 14
10 127 17
10 48 14
21 66 6
53 143 19
143 69 12
50 8 15
41 18 6
1 85 17
74 94 17
151 51 15
87 25 20
97 85 10
34 69 15
96 44 9
112 91 1
24 86 19
109 11 16
23 31 4
99 7 10
26 31 9
102 143 14
62 137 20
157 21 9
47 70 1
63 61 6
148 156 17
85 21 19
41 16 16
47 140 13
4 145 5
134 14 17
19 75 6
139 72 13
100 44 12
13 107 11
105 89 9
145 104 17
118 10 9
47 81 5
21 94 2
39 94 7
104 91 11
44 134 14
102 101 18
129 112 16
65 92 7
145 13 6
33 24 20
136 114 3
82 13 8
24 114 5
120 59 12
60 84 16
29 122 3
93 54 9
4 151 15
93 18 6
116 55 8
70 108 10
84 115 7
14 140 9
157 148 11
81 41 12
43 19 16
23 119 5
14 127 8
117 8 14
12 109 12
45 155 9
159 140 5
64 153 5
14 76 8
23 157 7
61 125 9
43 73 19
28 87 15
32 44 4
152 140 4
108 25 1
73 109 9
56 99 15
104 112 1
66 135 9
69 36 18
16 4 12
155 31 4
28 63 6
152 55 9
66 88 6
60 1 17
120 141 7
89 11 16
59 76 17
111 70 10
54 85 2
144 6 17
87 118 15
158 36 1
50 27 6
51 13 6
2 132 1
50 146 15
136 130 16
25 60 19
36 85 1
126 67 19
11 25 13
131 49 4
8 96 3
94 68 15
70 140 10
46 110 5
10 117 5
69 18 4
80 147 13
146 130 12
96 112 9
144 69 12
70 76 16
32 11 17
11 80 8
103 51 3
76 60 5
159 55 5
117 134 6
127 120 8
147 141 11
65 52 9
144 150 8
3 159 12
32 135 14
33 36 19
32 16 3
119 42 11
16 81 18
152 149 6
113 133 2
31 53 14
119 137 17
150 112 3
108 73 1
140 88 15
55 3 7
96 37 6
128 70 16
117 154 6
90 68 2
68 62 14
45 33 19
157 87 11
155 30 15
84 100 13
12 140 14
134 28 16
38 155 14
93 39 10
102 128 16
68 122 19
151 7 18
66 89 20
99 85 13
112 94 13
20 31 11
34 5 14
25 42 16
86 135 14
151 3 11
40 155 11
135 80 7
77 74 10
29 93 3
133 124 5
92 54 11
117 22 6
128 82 11
119 84 1
85 80 4
85 67 16
5 130 12
90 47 7
52 75 17
63 133 3
125 65 16
96 22 13
56 149 8
128 109 11
48 119 3
145 32 13
115 117 14
87 117 17
2 62 14
60 129 8
125 91 19
146 159 8
62 64 14
96 138 5
55 57 7
24 128 16
83 9 9
158 96 7
125 79 12
95 158 6
111 14 7
111 11 16
116 4 7
33 46 8
96 128 9
117 52 15
107 102 10
72 21 13
92 104 10
129 117 16
80 54 4
105 41 3
116 21 1
2 134 6
55 107 18
33 17 17
134 108 10
80 48 1
24 120 8
66 77 7
45 55 2
85 75 10
51 116 20
133 43 9
78 97 6
29 127 13
34 100 6
57 145 5
49 63 4
93 43 5
104 43 6
80 158 17
138 41 17
57 64 14
122 118 16
121 73 10
127 32 2
142 92 5
45 26 19
14 62 18
56 75 9
140 159 1
139 10 12
27 54 7
73 52 16
40 83 9
36 12 20
128 74 1
79 155 18
67 20 2
141 124 18
67 47 8
132 111 1
23 63 4
77 135 1
29 101 4
51 136 13
141 30 5
43 35 8
82 20 5
148 151 5
121 28 5
143 90 20
146 150 12
15 91 7
150 153 19
58 23 16
100 57 3
56 157 11
142 6 12
103 153 2
120 40 14
95 115 19
39 41 3
147 107 9
129 50 2
53 36 14
58 127 10
136 134 3
17 84 19
51 48 7
71 3 5
105 49 10
140 13 6
148 159 8
95 129 13
5 112 19
140 86 1
82 10 11
132 58 17
43 60 2
73 34 3
139 47 8
127 131 8
147 26 20
12 132 20
105 136 11
64 43 11
156 124 16
43 23 20
56 127 6
15 94 7
146 2 18
82 69 5
93 42 16
130 28 15
133 110 13
145 78 17
141 139 4
37 136 3
5 123 8
12 107 5
42 14 19
71 69 8
141 42 12
17 28 10
74 9 10
122 130 6
158 106 8
89 154 8
37 60 13
40 39 17
8 21 6
85 37 11
80 111 11
140 158 11
146 82 17
119 11 6
144 124 2
17 103 4
144 39 19
109 44 4
129 17 9
6 16 14
42 109 9
40 97 10
48 117 10
118 107 4
149 57 9
92 31 1
56 130 5
2 127 9
8 142 14
91 100 2
21 147 18
154 130 20
112 78 3
66 118 11
150 99 8
23 124 8
25 17 8
117 159 1
17 101 15
116 66 18
29 74 2
159 53 14
77 31 8
136 22 13
151 126 6
41 30 4
58 43 3
142 55 12
9 156 19
1 45 16
74 86 19
52 80 3
82 14 11
104 151 18
41 68 3
1 34 16
84 26 7
93 23 5
113 92 3
66 143 6
105 66 9
121 95 16
43 135 3
101 62 11
104 57 18
2 79 13
27 154 1
134 69 6
126 22 14
45 13 7
127 44 16
64 5 20
77 132 16
65 123 17
122 105 17
126 85 7
120 10 3
29 111 3
135 145 14
74 3 3
117 96 11
47 39 3
104 127 8
17 33 16
46 87 5
6 96 7
119 47 1
20 32 15
19 119 9
135 55 19
107 19 13
51 146 13
153 104 8
143 112 15
70 82 14
91 8 20
63 100 7
21 74 5
139 152 9
120 154 9
140 50 3
133 153 3
12 102 3
49 96 5
56 95 19
148 138 20
88 42 2
88 123 4
80 105 19
159 35 20
81 16 9
97 148 6
95 85 3
2 133 13
137 114 17
129 102 11
110 31 12
25 44 9
90 49 15
115 49 8
20 109 3
94 92 12
104 18 2
78 40 9
117 82 13
60 102 17
16 79 15
59 103 15
107 158 14
47 135 2
155 53 4
87 65 5
31 78 7
70 80 12
77 52 12
19 132 19
97 89 1
126 51 10
50 53 14
53 99 19
87 20 6
54 32 16
125 62 7
40 57 7
72 133 19
15 109 9
66 85 18
116 63 4
94 87 14
21 106 19
75 63 6
72 6 19
142 3 18
30 90 15
135 50 10
79 94 10
120 156 5
54 83 18
1 114 8
1 17 13
46 56 12
113 143 1
143 74 15
118 49 4
127 74 4
146 38 12
134 150 20
134 30 19
60 46 12
110 39 8
7 53 1
149 158 14
148 17 5
38 47 7
37 8 18
74 87 18
142 146 16
8 46 11
95 105 5
71 56 11
103 147 20
89 136 9
57 51 12
69 14 10
132 50 4
23 50 10
139 32 2
87 124 6
148 59 9
96 56 15
82 84 14
131 13 11
93 155 5
156 149 16
33 121 11
75 69 4
130 49 16
13 61 10
100 134 1
111 146 14
50 133 8
68 128 12
150 117 19
69 23 2
59 79 18
33 77 1
7 132 18
3 9 10
81 129 8
56 102 15
123 70 19
39 112 17
146 115 18
10 113 11
14 159 3
104 117 4
60 50 18
147 52 5
15 48 3
116 156 13
111 22 19
28 19 5
122 131 7
135 57 9
5 99 13
136 62 7
98 122 14
52 4 15
54 115 5
65 47 11
77 9 19
133 69 17
93 73 4
32 62 11
8 124 17
29 98 12
76 120 2
80 64 16
138 137 8
96 34 13
69 102 1
2 101 4
33 88 6
76 84 19
36 148 3
35 53 3
98 72 15
48 93 6
16 3 11
69 89 12
50 89 3
28 10 16
103 19 15
64 8 9
88 40 7
158 34 9
152 134 16
14 128 20
135 40 7
158 52 13
91 80 11
104 143 8
32 71 19
80 137 4
66 41 16
25 111 5
44 52 3
21 134 9
100 142 11
84 8 14
30 57 16
139 46 19
95 138 16
143 156 13
18 125 13
95 25 11
3 102 3
11 52 7
157 8 2
24 29 5
89 159 3
98 55 16
126 25 13
87 159 18
130 25 16
149 35 7
89 117 4
12 141 18
116 70 3
120 93 20
59 95 5
66 105 3
90 79 12
15 39 17
50 94 12
43 140 6
1 102 8
141 17 14
136 91 2
154 146 9
16 128 18
120 77 8
125 3 2
15 22 5
126 31 14
33 54 11
134 99 7
76 100 15
93 146 14
5 91 2
132 27 6
135 137 15
14 102 13
84 139 8
124 26 2
18 102 16
58 35 11
92 124 6
142 96 18
77 156 1
51 10 17
113 45 6
37 109 14
76 1 8
143 51 17
11 107 11
130 149 18
94 133 19
126 112 1
102 121 17
140 91 3
102 40 8
149 111 1
58 87 9
68 34 11
38 108 9
131 81 19
148 39 7
19 71 7
60 14 9
92 116 2
7 153 14
65 80 3
58 40 5
96 73 5
32 5 1
20 128 20
110 54 7
107 155 16
46 62 4
152 119 4
57 18 12
102 39 7
37 116 1
68 121 14
13 89 5
49 68 11
155 148 18
70 149 6
62 35 9
35 146 14
157 23 15
115 16 1
67 28 20
121 76 12
89 34 13
139 54 14
11 122 13
80 6 14
114 151 19
111 99 6
151 40 6
143 68 17
104 69 9
91 151 1
109 103 18
74 6 6
54 119 13
48 156 3
99 73 3
1 20 7
18 11 19
67 134 20
11 51 17
82 136 14
155 142 19
49 27 4
154 121 11
111 55 8
136 90 15
81 6 2
91 52 7
24 126 5
105 29 11
26 11 9
1 122 4
23 145 1
69 92 1
124 10 10
139 98 1
70 45 6
121 132 9
19 81 1
78 26 8
136 78 2
27 153 1
138 43 2
151 22 2
85 91 3
35 138 2
159 86 12
122 62 3
78 39 6
115 15 10
157 29 5
104 141 4
36 138 8
99 118 1
95 93 5
20 19 17
141 7 11
59 130 16
88 92 8
153 133 20
38 56 17
120 43 11
24 121 10
80 1 6
99 20 14
7 111 4
65 81 20
78 13 19
80 35 20
58 32 17
99 42 11
158 109 11
4 109 8
28 54 13
138 25 3
98 28 11
68 99 18
73 133 9
130 91 17
74 5 15
41 125 14
149 101 10
24 132 20
78 152 5
8 56 13
93 153 20
42 146 8
61 59 20
48 114 12
58 1 20
142 50 16
92 107 7
10 99 3
15 35 5
54 76 7
43 137 15
6 110 15
144 47 18
43 132 18
151 45 14
126 32 13
123 98 2
66 18 17
100 17 3
17 1 17
79 55 1
29 137 17
75 98 9
133 53 13
18 150 15
134 104 4
106 68 19
80 59 14
154 158 17
121 100 6
57 19 10
84 132 20
10 133 8
63 106 16
33 123 6
54 23 13
147 128 7
105 133 18
6 53 12
82 100 20
84 156 10
67 80 3
26 15 2
9 3 20
45 120 15
155 14 8
51 87 10
99 117 2
131 48 2
3 129 3
133 138 13
48 130 14
95 156 12
115 5 5
7 49 15
21 45 10
142 21 20
40 146 2
87 113 6
141 20 1
125 16 19
60 12 11
101 16 7
107 150 1
54 120 10
121 66 1
119 111 8
31 54 14
69 157 2
88 75 17
95 125 20
97 25 5
115 128 18
105 46 4
150 109 1
57 20 11
93 130 19
146 7 14
144 25 2
115 109 9
52 59 13
84 110 12
52 34 6
97 11 13
131 34 16
77 17 4
47 29 9
136 3 19
46 100 14
154 115 13
54 144 18
89 55 11
122 70 9
41 17 19
117 33 2
89 147 2
68 23 16
94 96 7
15 51 11
153 121 9
82 16 11
129 11 19
55 128 10
12 2 3
101 74 17
13 69 15
14 83 16
87 2 18
144 83 9
88 52 10
102 89 1
156 58 3
58 119 20
142 91 9
7 31 3
8 117 19
129 101 16
32 114 12
88 124 4
145 68 17
55 111 14
112 71 6
31 90 5
122 19 10
152 116 3
109 55 12
135 76 10
89 1 8
71 89 11
122 159 16
33 55 18
63 92 4
145 49 5
135 96 15
131 88 19
61 122 5
46 23 14
147 37 19
11 54 19
95 141 10
75 106 19
93 141 1
141 107 11
33 90 1
19 137 5
149 159 10
62 36 8
21 143 13
159 138 16
66 91 8
87 79 17
153 26 8
70 127 18
85 9 17
62 55 10
61 97 16
67 91 16
151 154 11
58 85 18
155 117 6
74 150 12
26 10 20
152 61 4
87 130 17
141 115 2
4 3 11
142 119 10
136 9 13
124 104 16
38 94 8
89 36 13
145 79 3
26 24 17
58 12 5
34 105 17
21 82 20
125 42 13
144 136 5
119 28 9
156 1 12
105 138 5
20 105 20
77 42 4
37 146 20
57 69 19
107 36 4
92 97 20
7 58 2
118 156 12
44 120 13
23 122 20
127 73 17
150 81 8
48 149 18
154 110 1
110 42 18
22 152 10
67 159 14
114 37 3
27 65 1
80 141 12
5 29 9
83 108 4
72 46 20
107 13 10
75 38 1
159 59 15
54 51 2
130 6 8
15 117 3
78 37 11
136 38 2
30 153 5
122 153 9
16 2 11
66 101 2
156 78 7
114 45 4
109 117 18
72 92 12
45 138 3
159 57 19
122 51 7
107 55 20
108 27 18
23 120 16
69 37 8
18 153 17
15 11 8
121 58 15
9 20 15
13 53 20
31 86 8
41 61 8
48 39 15
93 61 17
129 86 19
48 5 14
58 157 14
131 118 18
28 53 4
59 65 15
145 21 18
24 62 7
116 35 20
157 127 1
107 97 8
159 144 4
140 128 7
31 25 11
139 52 19
131 53 12
78 10 14
139 102 15
99 159 11
66 43 2
88 86 4
158 60 10
126 116 2
32 128 3
10 116 10
87 125 15
151 153 9
90 81 20
47 10 12
3 8 20
24 59 13
76 134 9
52 68 18
103 148 15
22 155 14
115 59 13
124 30 20
57 146 9
41 134 10
16 18 2
138 1 12
116 68 1
144 57 15
6 52 20
104 147 16
88 130 1
117 114 10
104 48 3
46 89 3
75 45 17
48 29 9
53 139 3
126 35 13
96 139 6
135 67 20
109 121 8
12 43 3
142 57 17
56 29 12
16 82 14
4 48 3
80 69 13
113 44 11
16 78 12
45 103 20
26 86 2
34 143 3
146 14 20
100 82 1
62 80 8
141 148 20
94 118 11
118 126 13
88 69 12
40 154 5
73 63 19
144 76 19
84 158 19
57 111 6
38 26 6
57 143 8
91 19 1
57 149 14
52 24 8
131 17 12
35 72 19
16 119 20
132 13 15
84 118 1
41 13 6
97 155 19
82 47 15
106 18 15
54 137 6
145 14 7
2 58 7
133 156 13
142 114 5
91 67 1
108 107 10
70 129 7
21 52 5
6 83 18
7 137 13
80 122 10
13 123 2
25 23 20
109 5 9
133 22 6
146 121 19
116 159 5
8 10 17
16 123 4
152 54 8
41 83 18
89 95 7
111 104 7
42 66 12
61 43 8
22 93 5
22 88 14
31 89 3
79 96 1
132 108 2
140 132 4
76 107 5
20 117 9
109 116 15
152 49 3
85 22 11
13 3 19
27 158 6
135 155 5
116 128 8
32 1 12
136 117 1
146 57 5
29 56 20
3 77 4
24 45 14
26 129 5
149 22 1
70 48 14
38 117 15
124 106 4
7 57 2
63 117 18
45 9 12
47 71 20
92 71 13
107 118 2
128 150 16
16 139 19
58 84 4
101 61 1
112 54 14
108 26 8
104 109 4
126 57 15
64 25 10
71 126 7
41 24 3
136 2 11
60 90 6
90 149 17
69 95 19
20 132 17
129 81 12
76 61 8
72 27 7
112 136 9
13 4 10
14 103 11
30 61 1
43 113 7
147 11 3
116 17 14
67 15 13
128 154 3
80 96 7
56 94 7
117 88 3
72 74 3
54 128 18
94 157 9
94 56 1
88 24 3
25 114 7
118 57 10
112 99 6
64 11 10
150 26 1
44 153 18
11 57 9
9 136 14
84 70 4
53 158 8
16 108 10
46 151 18
135 29 19
5 93 7
107 9 1
137 67 11
35 49 4
96 32 1
7 70 18
90 57 9
123 157 7
114 6 5
143 113 9
2 72 14
85 157 11
151 145 18
126 152 19
106 152 15
121 134 16
84 57 2
38 62 18
106 16 19
33 87 4
127 68 7
51 111 11
36 115 2
114 55 13
8 40 6
67 41 4
123 97 3
111 109 20
126 82 10
138 37 4
131 2 18
8 43 14
48 136 16
28 151 8
113 85 6
85 151 19
17 159 8
51 50 11
133 132 5
10 108 15
96 134 15
138 122 8
40 148 6
32 63 17
49 33 17
30 73 1
114 64 9
4 106 10
61 126 20
18 69 20
81 116 7
121 105 4
152 8 20
26 66 13
140 65 14
94 128 14
23 75 3
9 41 14
103 84 18
13 51 12
54 64 8
84 2 13
92 64 1
127 89 9
13 154 6
22 14 3
119 121 7
44 129 10
124 73 17
66 92 10
55 156 3
6 45 9
132 59 9
70 53 14
92 151 9
51 112 15
143 5 14
144 156 7
146 96 12
57 114 2
56 131 11
94 107 5
12 127 17
22 38 11
46 106 14
17 68 5
78 140 11
133 24 11
115 63 4
11 34 6
30 141 11
127 34 7
153 119 5
86 106 14
15 68 9
48 126 4
87 81 1
100 18 6
88 47 5
153 14 17
143 87 19
62 132 4
73 78 9
86 155 18
92 11 13
78 143 13
13 71 2
11 96 4
43 24 20
86 15 3
73 72 18
145 76 18
6 88 14
106 91 13
14 104 7
8 103 11
116 91 7
59 19 10
70 119 4
142 116 1
28 50 16
33 64 1
64 154 13
77 98 19
89 138 10
117 145 3
134 59 11
78 11 13
37 138 1
153 120 1
110 73 14
64 31 1
25 94 12
145 97 18
19 26 7
58 69 6
139 128 16
83 16 5
2 135 18
37 48 11
101 4 3
51 98 14
56 139 1
28 123 15
22 2 4
94 76 4
30 65 18
3 43 8
7 71 1
77 64 18
56 49 10
19 103 8
47 50 13
45 43 12
139 118 16
26 43 17
28 85 16
138 118 18
103 99 14
22 44 16
158 90 19
148 60 10
90 39 14
66 111 9
2 139 17
2 98 2
43 2 14
1 53 14
100 68 4
143 111 14
158 130 16
58 106 9
23 125 10
124 116 12
24 117 8
92 45 20
82 87 6
135 88 9
33 75 9
69 17 19
39 106 20
70 51 13
121 156 14
77 54 3
120 100 20
5 159 11
97 104 7
69 57 4
69 78 4
85 23 7
116 111 4
7 61 6
89 135 5
68 158 12
98 8 19
29 78 14
59 28 18
41 95 7
119 72 10
67 87 18
18 12 7
79 58 7
140 64 5
74 103 15
7 104 11
84 128 10
38 146 9
58 73 15
129 10 6
56 62 7
68 47 5
125 45 9
156 26 10
36 25 19
13 31 19
157 93 10
144 49 10
142 123 7
152 30 5
79 26 3
129 71 12
125 22 1
1 46 12
98 2 2
108 59 16
18 107 5
1 155 3
70 57 6
148 83 9
59 8 10
66 93 16
147 31 1
24 157 14
132 56 1
149 89 5
75 84 8
152 35 14
50 100 14
58 48 20
44 2 9
11 93 18
34 90 3
6 145 4
81 74 8
81 84 15
74 118 1
49 58 14
106 105 13
8 136 17
103 91 4
43 51 18
134 36 1
140 36 1
61 119 7
60 77 7
34 61 12
65 91 5
72 68 13
6 67 3
24 32 19
103 36 3
83 156 3
70 115 10
55 117 16
15 18 8
79 35 4
151 102 8
82 94 11
30 21 20
61 64 11
60 93 16
54 101 16
104 11 17
39 151 1
83 6 14
123 84 9
51 77 1
70 145 17
90 4 17
79 21 8
12 73 1
113 121 8
131 40 16
10 17 3
118 99 4
9 101 16
4 87 12
36 144 11
34 47 2
80 53 19
55 109 16
1 3 12
96 104 14
54 43 9
148 70 5
117 11 13
18 23 3
2 131 5
133 34 2
27 70 6
76 64 2
12 93 7
151 62 16
82 56 14
124 66 18
142 14 20
69 145 16
95 154 9
11 55 11
12 44 13
109 137 19
100 39 14
5 10 5
146 52 6
34 122 5
5 42 6
103 137 15
28 74 16
85 93 11
49 34 17
58 55 10
45 41 2
32 94 18
65 142 3
97 72 12
64 82 2
126 146 2
41 20 14
63 105 8
111 79 16
3 63 1
118 54 5
53 133 9
120 39 13
32 34 7
39 58 6
74 45 15
62 75 3
13 79 10
16 141 10
140 15 6
35 79 2
93 133 20
75 90 16
114 74 1
64 23 18
34 103 14
108 2 13
113 71 2
94 59 18
94 112 7
27 86 18
9 62 12
159 98 14
75 97 2
42 131 19
61 26 9
45 85 3
4 51 19
96 67 9
107 56 15
49 136 18
58 122 19
2 7 10
53 55 7
141 31 17
82 52 20
63 20 18
16 126 12
15 74 7
133 63 18
31 26 8
13 96 12
84 21 3
8 139 13
27 16 10
79 22 14
78 105 6
139 4 5
61 120 7
28 77 9
123 13 10
145 15 10
149 98 1
126 105 4
133 74 11
3 44 6
73 104 4
94 57 19
77 63 5
75 46 1
33 138 7
46 92 1
133 135 18
131 5 1
65 62 12
63 8 10
125 98 20
146 103 15
61 74 16
93 52 14
98 29 14
108 1 12
142 133 6
46 105 16
22 95 12
63 157 14
33 48 8
93 34 3
107 94 2
32 27 10
83 50 14
3 157 2
13 140 14
84 111 17
159 132 1
137 131 5
25 64 17
44 152 7
2 20 16
84 154 10
86 152 11
99 58 16
23 94 12
107 151 5
9 38 18
139 116 3
128 127 18
152 12 9
6 26 17
159 41 8
77 96 14
60 7 1
153 35 16
120 23 20
25 139 15
152 32 12
144 128 12
11 60 17
11 26 16
87 122 1
24 66 17
135 51 20
21 159 19
45 64 5
122 95 17
50 66 2
61 52 10
156 77 5
83 124 17
155 92 9
66 76 13
138 46 18
4 93 19
36 23 3
16 9 9
84 5 18
112 14 15
11 94 1
91 81 8
147 45 14
67 35 6
90 43 7
51 150 9
66 149 5
75 28 10
49 38 3
41 128 14
137 41 17
140 30 13
47 64 18
42 116 13
65 85 11
56 10 11
13 158 13
121 112 17
101 90 17
124 155 8
80 127 1
5 9 17
4 9 18
35 65 5
132 36 8
146 141 11
108 94 19
49 109 7
98 30 14
19 156 6
108 90 3
127 33 14
3 125 15
32 55 3
104 37 5
52 56 16
26 90 2
123 119 16
141 41 1
16 56 15
68 14 20
43 158 19
52 94 20
107 54 13
70 50 18
95 65 20
12 125 9
45 90 7
58 153 19
141 145 17
99 123 20
15 155 6
118 149 9
103 58 3
52 69 2
41 63 19
11 78 6
68 71 16
134 142 4
159 31 15
99 26 1
57 15 1
85 138 18
60 81 7
129 90 17
106 11 3
14 99 3
44 82 9
154 14 6
94 145 4
150 78 9
83 135 9
124 92 5
158 123 10
30 133 4
128 157 7
97 6 15
91 104 12
25 90 16
31 99 9
121 52 5
85 143 1
10 107 10
114 93 11
34 30 16
62 47 1
12 156 11
137 104 11
8 128 11
47 128 12
24 136 14
7 28 18
39 146 6
130 100 20
89 78 9
105 35 19
75 127 14
86 99 6
55 112 11
93 24 8
63 124 7
61 124 20
122 91 9
105 36 14
106 36 7
75 47 18
24 104 17
108 70 14
145 27 8
9 25 10
58 156 16
50 86 12
66 64 8
27 1 2
62 150 2
109 6 7
138 142 18
48 14 12
74 137 3
98 16 16
20 101 12
3 150 7
35 92 1
121 12 7
37 18 1
24 55 8
71 55 2
127 78 16
81 98 6
131 97 2
112 58 2
119 104 16
114 140 10
142 108 3
149 131 12
130 94 5
110 119 20
28 159 2
109 2 3
76 114 10
80 159 8
109 142 2
110 57 1
49 112 8
16 21 12
151 87 6
153 50 8
63 125 3
131 86 1
52 85 20
1 152 13
110 50 5
84 87 13
154 149 12
126 90 7
82 81 15
71 159 6
117 62 1
153 17 15
128 26 19
56 12 3
130 30 6
145 152 20
151 43 19
136 138 7
20 97 3
47 107 2
128 134 12
23 159 11
4 97 13
154 44 3
86 36 17
68 12 13
27 4 18
60 138 9
20 127 1
104 47 13
126 100 6
18 95 14
34 73 10
144 141 10
74 107 12
27 36 1
86 14 9
39 45 8
146 137 9
111 56 15
109 43 17
142 115 7
127 22 8
126 128 20
152 4 12
4 102 1
43 147 20
59 86 18
37 81 3
40 32 14
137 141 10
111 49 6
159 64 20
53 94 13
57 16 18
158 35 4
71 11 17
156 57 6
78 56 19
153 16 1
31 65 19
113 6 15
102 158 11
36 59 20
142 12 10
53 107 6
135 5 12
138 60 2
13 11 12
114 142 17
34 117 14
18 100 13
150 82 8
80 61 1
110 36 7
118 14 4
23 13 20
5 72 2
44 126 14
41 94 13
93 84 15
83 89 5
21 39 5
47 83 17
59 151 5
92 86 20
27 23 15
83 4 2
32 96 11
103 90 17
97 149 18
156 140 2
3 143 17
142 134 14
31 46 15
119 51 8
147 85 5
3 135 7
70 158 7
64 80 9
159 82 8
38 22 11
103 142 8
77 18 5
49 146 13
70 90 16
155 23 6
56 23 17
54 98 5
45 141 11
83 3 1
26 144 8
51 2 19
140 27 20
51 42 15
46 64 20
101 13 9
81 36 13
95 35 12
103 122 5
54 33 12
7 120 8
98 35 15
148 76 1
34 65 13
61 3 1
141 123 5
148 136 18
75 42 15
120 159 12
6 98 3
110 86 2
112 46 7
61 32 20
99 13 10
138 112 8
22 87 7
22 54 1
142 54 4
73 151 18
23 3 19
134 133 17
120 5 16
144 102 6
23 1 19
9 138 7
56 85 14
59 33 3
98 100 2
10 120 8
98 138 1
71 152 14
125 103 13
147 103 3
81 8 9
44 121 12
10 59 17
102 7 1
38 52 1
135 31 13
131 108 6
87 76 5
74 104 19
129 135 7
104 144 1
94 13 4
95 135 13
57 36 17
39 7 1
140 35 4
10 143 13
47 149 10
101 50 16
45 35 9
49 159 5
119 56 11
71 21 11
45 107 2
56 46 16
90 144 15
26 147 17
126 38 13
96 157 1
75 129 4
74 76 20
55 143 11
1 57 3
82 79 7
143 11 11
9 83 8
60 120 12
156 43 4
156 12 19
155 13 18
50 155 9
149 9 16
71 13 14
93 2 7
29 152 6
112 62 8
157 67 4
10 52 9
5 150 18
139 71 18
1 50 14
156 62 8
40 118 11
117 3 17
110 101 15
96 140 20
86 104 4
145 131 9
72 53 5
37 97 15
33 18 1
36 11 13
68 13 20
49 137 10
78 8 11
118 153 3
85 113 8
24 101 7
145 123 1
18 141 13
138 77 5
41 58 11
138 49 10
8 49 1
51 127 15
136 80 14
25 56 5
78 100 16
21 7 1
159 9 5
40 66 7
18 114 16
58 91 15
32 152 13
61 90 14
11 71 10
61 27 18
86 34 1
60 101 19
25 7 5
127 47 13
111 63 19
90 132 7
152 146 19
55 137 3
73 94 20
14 95 10
105 107 3
151 61 11
139 123 20
1 123 5
82 157 8
74 69 6
25 81 13
97 15 4
139 66 17
90 156 18
58 24 3
59 23 10
102 126 20
52 132 4
74 146 7
109 106 19
16 13 18
158 140 6
46 156 6
42 133 10
87 116 7
129 15 10
80 43 7
137 94 10
68 9 9
41 43 20
68 143 20
1 67 12
131 32 10
104 76 16
60 143 4
75 158 10
43 66 18
136 19 18
70 44 15
113 99 3
22 8 8
89 142 11
42 39 7
121 68 16
54 53 11
114 53 7
21 95 10
65 72 3
102 67 16
16 6 18
109 76 6
23 55 20
69 48 7
122 100 17
3 153 4
23 14 13
87 85 7
114 152 2
134 97 10
45 56 13
67 36 4
62 83 11
97 111 3
133 60 6
14 72 7
86 27 18
66 7 12
55 131 10
100 27 14
71 79 10
81 29 15
103 65 18
77 124 15
90 37 13
101 63 11
102 148 2
75 5 12
100 31 6
4 37 16
116 27 20
86 29 18
56 156 1
44 26 20
117 120 3
106 121 4
19 36 11
22 120 7
48 16 18
3 121 3
46 102 12
116 72 12
129 114 4
65 3 16
61 144 6
73 40 10
94 86 16
67 27 13
86 41 5
87 17 13
41 47 16
101 111 15
78 77 15
71 136 2
16 155 5
135 148 16
63 36 19
20 90 8
68 147 13
2 22 11
65 94 3
93 48 3
85 19 15
74 55 13
77 60 3
8 81 18
128 146 4
35 73 13
41 64 2
33 126 6
42 120 4
53 138 18
126 118 2
43 18 5
135 99 14
124 14 1
37 33 16
109 158 1
13 144 1
128 17 15
110 108 6
88 102 17
132 62 6
149 93 4
14 105 2
112 11 18
70 110 3
79 53 14
133 155 20
116 54 10
149 16 1
91 103 5
41 86 2
26 92 10
57 2 2
49 155 15
54 134 20
112 129 11
68 108 12
57 123 13
73 66 9
107 119 3
148 101 7
158 10 11
132 68 18
43 14 13
107 3 16
24 96 13
130 140 15
11 119 18
9 128 20
66 37 9
92 34 13
151 110 2
99 16 5
38 119 19
40 152 15
62 85 20
42 18 3
49 28 6
46 36 14
97 27 20
143 118 6
103 35 12
118 59 1
16 96 14
147 144 7
5 16 5
139 43 10
110 5 4
48 31 15
116 75 1
145 35 4
103 94 4
45 115 9
76 17 2
145 139 9
64 70 3
120 49 9
112 84 16
114 94 3
29 4 12
101 82 11
71 38 19
146 139 12
58 45 20
121 114 14
81 88 15
119 12 10
54 69 10
73 156 2
76 154 17
89 4 16
154 61 10
69 108 4
84 114 8
18 73 17
23 127 20
142 40 17
140 42 17
42 125 11
37 3 18
68 17 6
131 134 3
79 69 20
62 139 1
89 47 2
124 28 1
56 42 16
143 108 12
159 19 2
153 72 13
111 15 15
68 76 17
54 62 8
87 94 8
66 128 2
140 131 15
59 44 7
95 58 13
4 59 9
80 148 2
120 128 3
17 100 4
86 131 14
77 25 7
142 156 1
71 62 16
37 150 5
138 70 14
41 116 6
78 58 7
27 43 5
103 115 14
46 113 3
11 109 1
118 145 13
124 50 4
44 90 10
49 153 7
159 105 19
96 143 14
147 40 13
33 153 7
43 102 7
86 88 11
65 19 14
56 25 18
105 104 16
104 134 7
40 117 20
124 130 3
156 49 9
124 76 8
135 4 10
110 66 16
128 143 4
82 148 20
15 27 6
159 145 13
112 120 9
19 70 11
150 39 7
18 43 12
48 13 5
63 39 2
84 113 8
70 30 13
30 109 16
26 105 6
5 32 16
57 154 9
54 36 2
27 49 18
15 87 19
99 126 19
100 123 11
12 74 17
94 33 8
41 89 8
60 68 1
30 95 6
97 24 19
141 69 8
31 98 5
104 158 8
93 58 20
112 90 8
153 105 15
53 98 7
8 33 4
148 68 8
12 41 9
94 108 17
42 64 6
75 93 12
107 26 19
142 138 15
98 131 6
54 109 17
47 116 2
49 104 6
52 14 12
85 96 3
148 127 11
82 72 17
107 73 15
11 16 20
67 63 12
16 49 2
57 152 15
1 89 16
127 140 5
112 66 2
140 7 5
52 66 4
30 66 10
97 55 13
38 29 14
95 21 9
21 109 4
87 26 2
100 5 2
119 109 19
110 122 3
5 8 15
33 59 3
138 15 11
87 24 17
28 36 6
63 103 16
158 149 1
1 139 12
35 74 4
156 31 11
90 26 19
148 40 15
88 149 11
111 98 11
142 132 18
86 38 18
1 13 7
139 105 3
139 148 18
95 122 14
46 54 16
98 70 10
25 69 1
148 126 3
1 110 17
31 128 2
105 142 16
152 13 8
46 30 6
9 61 8
129 127 13
39 21 16
137 6 20
30 154 16
139 134 17
107 92 13
15 145 19
43 156 6
10 115 5
111 86 13
117 129 2
37 96 19
44 83 10
66 110 2
133 92 20
49 60 16
20 154 17
29 110 2
31 22 8
88 144 2
124 80 20
33 108 2
98 150 17
71 8 16
46 152 4
105 93 20
33 157 13
148 20 20
9 28 9
117 135 2
90 73 13
12 70 20
89 115 1
38 28 7
35 128 17
139 138 13
68 28 4
77 55 13
119 115 6
113 145 5
86 159 20
137 82 3
15 36 1
80 128 14
60 32 18
127 59 14
129 40 6
88 154 3
62 108 20
133 57 9
58 120 18
140 43 12
63 37 17
79 148 17
131 133 10
120 29 14
149 97 8
47 58 17
112 26 9
127 40 19
83 132 9
157 146 10
134 68 8
25 105 20
63 18 10
120 92 19
71 110 10
1 94 2
53 129 20
108 53 8
19 101 12
123 66 18
142 128 12
148 120 18
74 140 12
131 136 19
100 7 15
152 97 14
14 41 3
129 21 3
154 123 15
146 112 13
157 45 7
134 33 11
101 88 11
153 25 20
48 45 14
38 76 16
22 59 20
147 78 7
95 70 4
119 2 19
155 18 1
38 45 2
1 120 10
138 92 9
51 96 7
71 6 10
144 27 20
65 129 20
28 14 14
114 60 15
148 133 16
8 37 5
13 80 1
157 74 18
59 143 2
130 48 2
43 68 6
102 139 13
1 124 2
37 41 10
49 54 5
145 87 1
68 87 10
126 70 4
150 145 9
33 53 6
61 117 18
61 81 11
145 72 11
72 44 18
143 37 18
138 83 13
22 73 6
82 152 4
60 16 6
100 42 15
122 110 20
98 1 19
85 142 7
101 98 3
17 72 7
9 37 14
109 122 2
121 147 9
117 67 3
107 71 4
15 63 11
80 79 16
9 95 4
19 29 15
15 137 11
140 25 14
73 53 14
108 158 10
55 69 13
2 63 4
29 16 12
143 120 20
40 44 4
112 23 9
122 67 17
102 61 10
10 159 7
17 67 17
118 70 11
16 137 7
90 67 20
112 80 17
105 42 10
100 16 1
6 87 18
73 145 14
68 27 3
94 42 9
139 70 1
69 136 13
106 142 1
136 24 10
70 93 13
11 99 20
121 31 4
15 29 5
25 96 20
39 30 13
79 132 12
141 129 13
123 14 10
72 23 14
91 131 10
30 64 19
145 10 9
14 25 12
35 67 10
149 76 17
135 132 19
98 145 8
11 8 13
27 64 3
56 128 13
127 63 13
66 13 4
101 79 14
90 154 2
14 149 1
13 147 1
83 45 17
36 79 4
17 132 16
64 50 7
36 20 7
76 45 14
14 117 6
96 3 2
37 111 1
42 55 14
14 57 4
114 33 16
115 95 4
121 67 4
11 36 5
24 79 10
46 81 12
82 32 12
49 86 17
66 48 13
105 6 20
61 100 3
58 13 18
68 48 2
17 126 12
89 131 3
106 8 3
153 46 3
84 48 13
149 117 1
72 61 20
89 112 11
76 85 5
22 30 7
153 135 15
93 25 10
66 152 11
2 142 19
7 154 17
8 102 16
92 152 9
31 14 17
70 8 6
117 49 5
135 73 6
41 66 17
127 133 7
133 127 3
137 23 10
69 30 7
77 47 20
61 104 9
30 42 1
5 115 7
130 21 3
65 156 20
75 133 1
23 83 7
69 55 18
34 98 9
103 116 12
148 95 1
139 17 20
54 75 13
7 43 3
53 23 12
122 7 13
60 105 17
100 48 12
49 46 6
38 66 18
2 40 4
17 52 12
64 121 6
52 100 5
77 73 8
129 89 5
37 31 7
56 26 4
93 112 2
98 54 9
139 150 20
43 112 5
123 68 9
63 10 16
61 136 7
113 54 7
143 85 17
94 40 20
47 120 17
145 17 8
13 77 12
69 65 13
42 126 2
67 70 15
20 49 1
4 134 10
97 99 1
69 59 17
95 32 6
107 34 9
49 145 17
69 119 9
157 19 10
102 55 5
19 58 11
39 89 16
145 48 4
86 72 5
68 146 7
117 57 15
111 17 16
108 35 5
105 141 18
85 16 9
142 97 15
157 108 4
130 107 16
42 63 18
114 10 17
96 9 17
112 107 16
73 91 17
76 36 14
22 46 4
71 113 7
158 110 6
156 81 8
59 157 10
68 116 13
3 27 20
133 40 2
50 1 16
74 142 19
4 66 14
41 123 8
89 108 1
107 39 3
133 100 4
102 73 19
57 122 16
63 119 5
62 27 3
150 92 9
44 80 5
7 148 6
114 138 9
143 20 19
154 68 17
98 56 1
13 117 3
98 107 1
58 150 10
143 83 7
158 122 17
51 119 17
120 139 15
131 157 4
39 63 8
20 88 9
136 64 12
114 159 9
97 8 7
21 129 3
145 73 19
159 10 9
56 7 13
58 39 6
17 15 13
158 23 11
90 135 3
124 81 1
112 152 7
77 97 13
2 32 1
13 2 6
156 40 12
13 54 16
12 3 18
96 109 12
60 116 12
97 108 10
100 130 2
27 2 14
10 124 19
11 7 15
51 131 10
30 82 20
32 88 7
141 24 11
130 83 8
128 105 9
109 85 8
110 23 12
17 7 9
71 128 9
35 22 19
90 30 6
58 60 7
120 115 13
71 64 4
155 48 19
43 150 10
65 61 11
118 144 19
79 6 9
9 120 6
157 97 7
44 138 11
114 42 14
35 89 5
122 79 7
38 130 11
24 2 3
8 42 19
98 82 17
81 3 1
120 81 16
159 48 2
34 137 18
81 141 4
44 112 14
67 39 16
159 80 7
97 2 3
88 9 15
116 146 1
153 86 3
32 7 8
134 136 15
130 23 9
50 16 15
110 79 5
66 150 5
157 40 2
83 27 2
15 81 6
87 45 17
35 13 18
93 72 16
75 107 20
138 99 7
9 127 17
81 14 3
84 29 19
136 104 2
46 24 7
89 22 14
104 16 20
43 8 3
95 127 11
28 133 17
67 122 13
96 26 2
58 11 6
142 25 5
138 38 19
82 53 10
50 60 12
87 98 8
125 10 13
32 131 18
127 157 11
137 80 11
148 6 13
98 38 9
13 28 10
63 14 13
133 126 7
71 137 9
80 47 4
136 75 13
59 136 18
138 22 7
138 158 5
112 17 5
23 79 14
28 125 9
89 40 1
36 52 16
68 64 7
32 140 15
70 66 18
142 131 2
133 37 16
88 146 17
156 139 13
64 96 12
9 78 20
78 69 17
15 44 8
105 111 12
86 94 5
106 101 11
69 153 7
68 7 13
78 4 14
64 130 20
5 136 3
39 50 9
47 61 6
41 7 9
11 159 5
146 105 3
64 24 8
119 25 19
113 29 3
40 133 6
79 23 6
51 83 12
91 16 12
98 101 19
23 95 13
85 82 4
41 71 11
153 79 12
8 38 9
83 88 12
75 20 11
84 43 14
28 66 20
78 66 2
56 27 3
60 15 16
37 22 12
37 104 12
29 94 15
53 130 9
130 121 10
45 52 10
98 22 19
44 59 4
6 89 15
62 34 6
153 62 13
50 112 8
59 20 11
52 143 20
73 76 11
137 98 2
123 110 17
116 97 9
90 139 11
99 51 7
118 29 18
8 90 17
9 8 6
18 39 5
29 133 7
77 14 8
105 112 9
110 45 1
28 138 16
154 113 7
156 134 2
39 19 18
120 38 15
50 114 13
23 144 1
46 94 18
151 139 20
33 106 7
28 59 13
109 118 6
147 136 15
35 48 6
10 3 11
33 146 3
4 81 1
14 77 18
47 23 16
74 7 20
108 124 6
21 27 12
105 55 2
153 77 5
81 31 2
28 73 16
125 41 2
42 78 8
64 62 6
70 64 10
119 86 20
145 34 1
41 91 17
43 84 2
110 37 11
109 98 1
149 13 10
152 133 13
140 19 3
44 86 9
55 99 2
88 58 8
105 95 17
29 53 19
147 89 16
136 1 6
74 153 15
132 135 18
150 27 11
2 38 3
101 45 5
158 7 11
56 123 12
142 2 2
135 32 6
111 42 19
63 95 4
114 70 1
97 4 16
120 85 7
23 141 11
72 123 20
35 24 15
130 60 7
123 155 8
91 35 12
94 72 12
4 129 6
8 109 2
92 15 9
158 129 19
47 11 19
26 145 9
74 66 17
90 100 20
110 13 11
113 67 8
120 101 2
138 115 2
113 109 5
61 105 17
64 86 14
50 31 12
115 134 13
141 62 11
153 60 9
145 67 1
86 116 8
126 7 15
62 119 17
9 105 4
134 92 15
5 146 8
64 57 17
123 69 17
142 80 1
64 47 6
48 34 4
66 42 11
29 79 15
89 12 9
93 83 17
83 139 5
133 130 18
10 19 16
3 11 9
134 2 16
8 111 12
50 91 2
54 81 1
65 54 3
99 127 16
69 82 3
53 152 18
54 126 8
18 134 13
132 109 8
41 3 2
39 153 5
55 141 15
153 34 2
99 72 5
90 32 13
8 2 10
134 58 14
34 150 9
22 70 17
42 114 19
98 71 18
95 20 3
52 32 8
22 28 18
3 10 13
83 10 9
37 140 2
125 28 12
36 26 5
140 112 12
98 47 12
32 143 11
58 71 15
23 21 7
105 116 15
69 6 13
49 13 11
3 118 1
28 84 13
139 101 6
27 97 13
60 135 11
57 137 18
77 59 17
33 133 16
123 85 17
136 87 9
20 39 13
29 142 12
129 98 12
152 101 3
47 1 9
60 33 19
18 7 14
32 43 17
7 62 16
50 74 16
73 92 12
108 100 12
32 82 13
15 141 13
2 85 17
146 66 6
19 34 2
25 21 9
117 36 16
117 20 4
39 77 4
64 91 12
146 152 9
53 87 17
137 113 9
104 2 10
54 22 19
97 57 6
54 3 9
102 10 9
20 50 17
36 122 5
99 41 2
76 79 10
45 1 1
131 77 19
79 46 8
74 63 9
17 157 9
121 48 6
156 10 2
109 144 1
149 133 9
154 49 13
80 153 5
156 151 3
43 13 1
95 86 7
8 28 12
155 152 18
105 137 11
20 110 19
99 84 3
19 77 19
16 154 2
143 7 14
4 18 20
11 131 3
13 45 4
132 126 20
22 156 3
13 16 2
107 41 12
30 59 3
82 159 3
24 68 11
8 74 3
20 44 19
6 48 9
107 120 11
147 117 3
20 57 1
99 44 18
42 97 11
115 76 8
158 111 18
94 47 6
136 131 14
119 44 10
139 3 10
4 131 11
102 15 20
69 38 10
109 39 10
108 149 7
127 121 5
74 123 8
119 7 9
101 107 8
135 159 3
3 100 2
72 63 4
16 64 3
13 116 5
61 86 14
67 79 12
100 135 17
44 110 11
114 56 15
17 137 13
43 55 7
58 118 1
34 46 14
75 132 11
87 18 11
72 140 14
119 87 3
73 142 9
16 45 1
106 42 5
88 1 2
7 2 3
72 88 9
129 19 7
41 84 12
7 100 8
93 154 16
1 84 19
126 114 10
79 47 2
90 44 6
117 13 6
74 53 13
78 57 11
78 67 9
123 147 16
32 14 17
157 54 6
144 18 17
79 134 7
32 134 6
69 35 15
35 113 17
113 20 17
2 92 4
159 27 7
25 97 2
35 88 9
94 146 10
128 103 17
94 64 9
72 17 19
117 103 13
34 41 2
118 152 20
68 89 13
1 31 20
4 159 3
58 29 19
151 92 7
148 34 17
43 33 16
2 73 18
120 151 9
63 114 7
124 146 7
81 2 20
98 120 14
131 159 17
33 42 11
69 44 10
122 89 18
150 42 11
134 103 8
27 38 18
33 124 17
10 135 15
51 72 20
20 8 3
34 20 6
91 30 10
8 156 10
125 121 19
21 56 1
58 65 19
127 42 19
106 61 17
132 95 15
148 96 4
127 12 1
92 83 4
143 129 14
89 26 14
147 90 4
114 131 2
145 118 10
117 138 5
31 74 8
13 102 2
109 27 6
12 119 14
41 102 9
74 116 13
11 103 4
156 143 13
29 128 3
31 12 11
91 58 7
33 137 17
145 58 13
151 131 19
140 1 5
79 82 17
75 111 17
98 57 15
155 122 6
91 42 4
120 114 7
17 85 7
29 65 15
4 94 16
25 106 14
155 44 6
143 124 16
15 108 15
105 150 18
65 104 16
81 30 14
35 20 1
51 24 3
146 75 1
101 144 18
5 36 14
117 42 18
66 3 3
145 140 3
37 89 5
114 34 1
151 148 19
135 129 16
35 133 19
113 17 19
71 82 7
123 17 8
31 58 16
96 11 8
111 66 10
144 22 15
30 98 16
102 159 13
146 34 9
77 72 18
49 143 6
78 30 20
61 107 4
71 61 3
136 54 11
83 2 12
106 97 20
105 87 15
139 51 8
136 31 19
45 18 9
102 149 14
151 36 8
53 15 10
135 101 2
48 112 7
120 17 13
35 153 5
149 144 18
30 91 5
28 83 11
72 135 2
59 37 19
105 44 11
152 155 9
38 13 1
157 91 5
155 128 10
65 9 7
76 123 9
147 63 5
47 25 15
151 68 5
70 148 13
107 86 14
31 17 10
26 71 19
153 6 5
62 31 3
19 3 3
38 153 10
70 63 13
19 96 18
80 7 10
73 97 14
69 94 6
7 131 12
96 127 14
100 145 15
105 43 1
52 42 2
69 47 4
16 120 11
2 45 17
151 117 16
11 31 17
142 24 19
86 20 2
116 62 15
93 103 8
87 150 12
102 36 14
31 77 13
75 41 17
117 158 11
74 122 1
97 33 11
102 44 13
110 159 20
12 18 2
117 104 5
125 46 2
47 76 4
65 138 6
148 73 7
36 75 2
68 111 11
112 7 6
37 49 15
55 34 12
158 21 11
66 78 5
56 141 11
44 139 9
79 139 10
73 90 13
110 22 18
146 70 5
126 29 16
51 49 18
21 17 6
151 8 19
33 145 16
38 124 6
147 145 4
70 154 12
98 27 15
73 26 2
89 133 10
96 158 15
85 5 2
44 75 18
7 124 15
42 103 12
27 103 18
129 106 6
155 20 1
106 113 6
79 124 9
3 99 5
7 47 10
41 11 1
52 37 2
26 120 10
80 66 16
34 107 16
82 112 2
151 114 3
71 47 17
24 152 2
51 123 10
96 87 16
3 87 19
14 47 6
63 54 18
77 130 1
30 41 13
40 75 5
151 5 12
143 19 20
91 70 16
19 83 6
117 55 12
20 34 1
66 136 11
52 16 7
134 15 19
78 109 10
144 88 15
90 106 15
123 148 8
24 144 11
112 51 12
33 136 9
70 40 7
104 152 1
122 136 5
135 151 15
71 114 2
61 58 20
10 128 3
47 19 14
53 131 5
115 27 20
76 96 6
91 140 19
62 143 11
53 49 14
99 152 7
78 50 4
148 147 12
54 1 17
158 62 5
13 46 6
86 4 18
78 142 9
143 92 20
75 44 18
129 44 15
127 31 11
139 76 8
66 6 5
143 73 5
85 79 13
56 30 14
142 11 20
143 54 17
128 79 12
90 143 14
62 49 9
125 117 13
104 128 12
141 70 2
137 28 12
92 131 10
102 57 1
82 50 4
104 19 6
122 64 6
97 49 2
5 107 3
86 49 15
58 66 10
83 47 10
45 76 8
127 25 20
116 120 16
135 38 16
155 126 10
22 150 4
30 37 5
87 144 16
4 155 20
113 129 5
73 125 17
104 101 8
139 109 5
87 134 9
133 80 10
105 159 18
32 69 14
125 73 9
123 71 15
127 15 11
7 119 2
29 34 13
138 152 12
128 43 10
14 6 19
109 60 6
29 45 19
35 4 20
8 78 3
151 33 12
61 17 1
125 94 4
93 62 14
32 67 4
55 125 14
40 116 13
84 64 12
82 111 19
24 80 3
11 149 10
61 147 3
17 99 19
6 85 11
46 121 12
102 130 15
125 50 17
82 48 4
26 75 5
121 64 6
23 136 8
124 1 6
121 110 12
92 156 15
110 17 16
154 76 13
147 92 15
10 154 14
60 154 12
124 65 16
56 61 10
6 3 5
12 9 10
66 4 4
94 15 19
122 17 16
55 124 11
115 47 19
102 37 6
104 55 18
39 142 16
83 52 12
132 88 20
69 25 4
84 1 20
147 116 15
110 72 9
6 59 11
73 111 15
68 24 6
92 59 5
143 158 6
157 147 7
107 30 14
107 131 2
148 119 9
131 70 13
59 1 14
109 73 3
32 125 17
16 58 12
64 2 16
96 116 1
44 87 15
126 46 11
126 17 18
124 110 20
31 142 20
114 157 4
21 12 5
11 98 13
106 54 5
39 33 14
86 121 20
56 73 7
105 24 19
135 91 18
89 88 13
14 131 20
103 159 16
94 38 6
71 146 9
104 42 18
158 146 5
127 48 15
145 91 7
96 105 2
145 36 20
14 120 15
107 84 20
94 150 10
11 121 7
52 89 18
109 75 18
20 7 4
116 37 18
150 40 18
64 72 14
99 21 12
17 58 1
27 19 8
4 33 17
40 128 17
2 48 3
5 127 13
76 94 18
78 119 6
69 135 10
103 88 5
6 17 14
41 37 16
80 5 4
58 52 2
98 110 6
93 12 15
36 99 11
95 62 7
132 67 6
23 73 15
123 4 2
68 61 13
89 52 1
112 88 18
45 25 12
80 123 15
46 4 18
155 25 11
44 68 19
47 136 4
111 150 16
21 102 15
156 15 18
39 134 16
119 158 18
25 80 12
91 25 11
135 19 1
107 80 4
58 70 11
32 92 2
113 32 20
126 58 18
85 56 16
35 135 19
126 86 9
27 104 9
59 109 12
116 104 14
46 41 19
63 51 14
20 138 19
6 104 2
148 140 15
103 66 17
4 124 11
152 7 16
126 52 11
56 40 19
99 59 6
97 90 17
44 39 15
144 77 9
109 46 7
115 119 18
92 158 19
81 106 10
103 37 6
55 32 2
99 110 14
86 95 14
150 129 16
59 84 2
93 101 2
35 157 20
149 112 15
95 67 8
57 78 15
29 59 1
149 157 13
18 83 5
48 158 15
124 58 4
84 76 7
43 110 9
99 25 5
77 46 10
156 102 13
155 56 14
26 46 5
91 148 4
18 37 19
146 86 17
51 95 15
129 137 14
131 3 17
10 79 16
30 75 6
53 155 4
155 64 11
1 126 3
154 17 19
149 72 15
137 35 19
31 20 10
137 100 16
100 9 17
154 114 17
46 155 13
29 60 19
48 113 2
49 90 6
149 108 8
154 89 16
57 29 11
156 38 20
99 48 16
45 81 13
133 88 8
148 91 20
96 55 19
114 135 18
27 32 20
82 121 15
3 156 8
38 41 13
143 12 8
116 25 15
131 41 5
71 149 2
42 135 4
100 121 14
63 87 7
47 98 14
3 123 8
55 159 20
113 79 20
136 61 5
26 140 2
61 80 17
127 6 5
65 134 12
113 57 1
128 111 6
154 64 4
102 91 4
6 121 12
32 101 13
138 151 12
105 82 8
95 56 11
134 39 11
88 22 11
52 73 3
85 114 16
20 94 8
50 101 15
71 83 5
36 159 19
15 7 9
46 9 15
58 27 18
97 69 1
157 14 6
158 64 16
103 113 14
101 25 15
46 125 13
11 85 10
96 150 9
90 124 12
103 44 3
7 138 11
122 20 11
8 144 3
47 45 7
131 114 9
40 50 16
119 65 15
47 8 20
137 30 18
143 38 14
138 71 10
158 53 16
128 113 18
15 64 18
81 108 11
111 155 2
26 128 1
144 72 6
96 50 5
84 133 14
85 132 20
34 157 6
133 146 15
54 95 5
44 141 9
115 102 12
90 59 16
86 33 7
137 7 10
67 96 7
108 80 5
77 146 5
28 47 11
128 36 18
57 3 4
144 91 10
140 68 10
120 60 15
49 93 8
148 10 6
85 126 2
38 14 12
93 91 12
149 19 15
156 32 10
59 100 12
98 74 1
9 97 16
134 139 8
42 48 3
132 99 4
150 28 20
107 27 7
148 7 7
133 32 10
156 105 11
137 92 8
159 5 6
139 40 16
158 81 15
128 37 19
1 149 17
148 155 15
47 27 5
43 57 7
106 148 14
105 78 19
84 117 14
8 123 20
44 101 16
32 154 1
129 154 3
29 69 3
56 115 14
30 84 20
120 30 12
44 21 12
86 124 5
1 78 20
145 132 7
142 26 12
97 109 3
142 64 6
83 38 12
29 107 10
78 25 5
139 85 15
106 51 12
6 33 3
50 120 12
156 51 14
21 116 18
17 23 12
4 86 20
134 65 4
106 28 6
145 102 11
36 50 10
37 155 13
40 84 1
125 59 18
146 90 10
105 76 4
10 37 2
5 116 2
68 36 16
26 81 13
90 83 7
11 33 4
21 142 12
5 82 15
94 49 3
89 132 11
19 88 12
59 3 13
94 32 14
15 12 18
23 146 15
55 85 10
37 149 4
44 124 9
79 62 18
51 86 14
64 56 6
67 104 16
24 103 2
35 33 17
106 59 6
32 104 3
106 80 15
111 125 15
113 108 17
100 15 9
95 123 7
30 79 2
146 109 16
92 114 10
88 18 11
53 85 6
88 129 7
41 78 15
67 30 5
150 135 8
24 43 14
37 145 4
90 155 1
18 51 7
144 54 2
50 156 5
136 63 6
92 138 7
120 84 10
64 101 5
67 50 6
64 87 7
6 102 11
87 119 16
96 29 13
113 5 10
23 140 5
121 157 19
121 117 20
100 106 10
94 14 12
129 77 14
48 103 20
7 106 15
121 77 12
125 129 4
31 11 14
113 105 2
155 133 11
144 41 8
68 41 6
115 69 5
47 15 12
8 17 15
58 145 10
88 156 15
126 27 16
122 85 19
64 28 3
104 149 11
106 38 2
15 34 4
29 72 14
130 20 14
116 71 19
38 100 1
149 81 17
66 28 19
119 81 10
65 44 3
80 4 6
34 75 12
5 21 17
46 91 15
9 116 7
157 37 3
156 74 17
109 53 11
126 12 1
51 76 19
119 67 5
119 140 15
59 98 3
49 21 3
29 17 10
1 52 16
66 103 3
53 153 20
10 139 4
54 131 8
14 35 3
79 144 5
86 113 4
32 113 17
134 112 19
38 128 4
26 21 13
83 35 17
97 102 13
97 71 20
51 14 3
25 126 14
50 45 5
103 26 12
45 16 4
49 24 9
8 5 5
78 24 17
91 159 6
65 25 16
95 159 7
88 103 1
143 66 16
56 53 8
45 129 11
76 8 17
76 33 17
26 109 10
110 70 19
109 71 10
100 29 2
132 78 14
101 130 19
144 64 5
102 117 10
51 117 17
120 44 11
27 78 8
3 19 20
54 158 10
82 95 3
85 150 20
141 127 7
34 12 12
54 74 18
66 27 10
159 29 19
122 8 6
94 90 18
39 100 15
10 81 19
65 119 5
25 130 17
27 150 10
145 45 13
147 36 20
140 83 1
63 140 5
43 101 17
27 29 13
31 2 12
71 78 6
73 20 9
29 41 1
129 105 9
143 131 4
150 44 7
26 39 8
122 47 2
59 117 14
41 85 20
145 39 11
20 73 13
95 121 2
57 90 2
36 74 4
18 84 17
58 10 16
97 40 3
5 25 15
21 61 5
80 143 7
1 111 1
142 42 14
103 41 17
120 125 13
104 60 8
41 99 3
142 78 9
68 30 9
52 78 20
127 38 6
107 11 5
3 144 2
14 84 5
10 146 16
2 54 3
122 13 11
44 64 15
7 117 11
93 104 10
6 68 3
101 53 3
12 149 14
138 21 3
98 140 19
104 97 1
122 126 2
53 34 5
80 12 19
91 1 12
101 117 12
122 32 17
158 26 10
88 99 18
78 19 14
61 109 17
135 60 1
108 112 16
3 41 5
5 47 12
18 71 2
95 89 7
155 123 3
56 108 16
58 124 8
114 8 5
117 87 19
155 95 10
36 86 9
159 95 16
70 113 11
84 104 20
31 154 15
88 44 14
42 51 10
85 63 20
31 41 2
69 68 20
42 122 14
23 56 20
75 23 1
130 58 14
153 146 14
146 21 6
75 89 15
43 136 8
114 73 18
83 40 18
31 21 9
76 24 20
114 76 12
33 147 17
104 8 2
20 22 8
147 157 7
101 70 16
109 36 5
139 56 13
137 93 2
86 75 16
87 69 1
74 145 12
61 114 13
48 38 11
74 33 7
23 68 11
36 96 13
89 110 9
98 7 9
83 123 2
83 87 12
71 153 11
20 61 14
106 110 1
5 83 8
114 112 1
114 28 7
43 27 18
31 124 9
136 71 11
43 124 13
43 22 19
11 133 16
65 82 6
124 142 16
86 111 12
21 144 5
86 147 10
31 103 20
137 55 11
18 146 12
137 147 20
124 47 4
2 110 6
2 102 6
52 149 3
95 142 12
129 31 18
130 155 11
14 96 9
97 52 9
115 103 3
88 133 7
42 34 19
67 49 4
104 6 7
126 124 8
64 16 16
104 119 10
142 10 12
115 42 5
125 127 14
118 77 20
110 125 3
25 38 7
94 154 16
1 27 3
63 21 10
104 28 14
72 1 2
73 119 20
4 69 6
102 93 16
68 4 4
47 87 16
133 20 6
114 121 18
41 79 16
159 112 13
153 122 4
59 146 5
62 114 7
74 91 3
76 86 18
3 107 9
42 154 6
82 158 1
7 36 5
86 157 20
5 84 16
151 38 2
66 54 4
62 74 17
141 14 13
40 101 20
125 24 19
148 116 2
55 35 6
46 14 1
149 126 18
104 157 12
151 73 1
25 138 16
35 114 10
9 102 6
72 99 10
129 24 5
130 14 7
113 43 6
80 134 4
71 133 4
21 37 12
84 41 6
123 79 11
65 74 16
4 107 16
62 2 9
134 131 16
24 85 16
144 5 1
28 1 7
81 107 8
140 116 14
122 28 19
36 54 12
50 143 9
50 132 17
59 43 14
140 9 3
130 129 2
91 83 1
127 62 4
109 45 16
19 128 20
144 19 8
35 3 4
15 129 11
43 93 3
32 153 9
122 3 9
15 149 5
124 34 20
68 3 11
52 106 10
12 34 13
26 3 4
142 38 19
10 85 5
43 72 8
57 121 5
152 29 17
44 6 20
28 157 1
30 12 11
20 79 10
137 22 16
49 23 5
10 58 5
123 21 3
54 15 3
155 42 16
122 156 11
87 68 9
93 3 19
156 109 6
45 131 10
140 115 6
29 135 9
114 4 7
81 52 2
18 68 18
9 86 13
109 82 2
51 53 4
83 102 5
154 60 15
158 102 12
135 141 20
72 122 18
15 115 15
106 57 10
29 108 13
112 119 16
38 3 3
131 10 15
145 52 18
27 83 6
75 112 10
90 35 12
41 74 20
100 102 14
121 97 6
125 150 16
153 65 4
55 154 15
41 142 20
76 82 10
120 72 14
46 127 3
40 47 12
10 97 3
63 16 17
153 70 2
44 36 15
60 25 17
41 14 11
150 130 10
67 2 20
159 106 5
15 122 8
33 22 14
100 14 5
130 72 9
121 127 18
83 150 2
122 94 14
12 134 3
21 80 18
63 26 7
33 23 15
79 76 5
2 151 18
11 135 17
31 62 5
123 95 10
60 69 12
118 104 17
38 67 3
20 55 19
36 87 19
85 92 16
134 19 3
94 21 1
108 16 9
18 126 15
158 5 11
77 109 12
80 104 6
54 123 9
70 78 12
91 137 4
26 85 18
93 19 13
110 145 7
23 111 9
108 131 19
121 44 15
150 158 11
39 145 14
33 50 16
33 73 20
141 106 12
143 6 8
22 76 13
105 156 19
60 26 9
107 148 12
30 106 14
28 46 11
121 155 3
3 54 18
66 46 13
55 14 20
88 87 3
117 34 8
29 13 11
37 120 15
35 81 20
16 133 5
18 27 3
84 157 7
72 125 15
11 120 14
98 115 17
57 13 2
154 128 14
52 90 20
57 32 3
115 90 6
92 65 20
152 99 18
4 122 11
58 19 12
141 13 4
156 150 6
87 30 6
44 74 5
8 6 15
82 68 6
82 71 11
37 55 5
112 37 11
90 99 1
91 114 12
58 115 12
65 23 9
146 19 12
24 73 8
113 34 1
149 151 14
147 81 17
147 125 5
138 79 3
111 39 20
66 129 14
14 18 8
68 105 1
106 64 14
21 55 7
9 135 15
155 26 11
59 105 13
27 41 11
66 34 11
120 18 9
137 63 17
125 56 9
84 15 16
139 57 12
37 151 15
12 48 3
126 113 20
71 158 15
101 20 19
48 95 9
28 45 5
68 57 20
59 150 20
115 141 8
68 2 19
68 53 11
87 78 15
39 137 8
83 148 7
139 36 2
130 103 1
52 8 3
44 132 6
96 124 4
99 38 11
109 20 5
97 56 20
132 75 15
75 15 20
112 69 8
85 52 8
9 115 2
31 28 18
132 85 14
128 86 19
21 58 5
72 126 7
45 7 4
138 47 18
50 42 20
140 72 13
52 129 3
38 98 7
124 120 18
70 146 15
127 82 12
110 153 15
66 123 16
34 102 9
33 98 9
104 92 4
156 97 16
120 57 13
30 128 20
24 92 13
57 34 13
40 110 7
64 7 12
81 40 14
18 122 4
38 127 13
120 102 15
78 71 4
101 89 8
38 90 9
150 136 3
92 21 5
91 7 10
143 102 3
85 47 20
82 1 12
96 153 8
109 67 8
147 83 8
32 64 2
93 81 12
114 105 10
145 147 18
155 119 18
3 45 1
159 111 10
154 71 1
88 77 4
46 13 19
31 159 16
112 45 5
114 89 5
53 145 8
30 70 8
152 78 7
130 1 13
100 127 16
71 139 14
28 64 1
139 34 18
93 123 14
71 16 10
56 110 7
52 82 5
15 43 3
15 119 17
67 58 3
131 122 12
121 33 10
154 98 14
43 114 12
143 109 15
20 59 14
101 2 11
96 16 2
61 116 6
125 108 16
26 80 12
114 126 8
21 120 13
106 4 3
18 72 11
155 91 8
99 33 18
23 54 19
148 114 17
74 79 14
69 104 12
26 58 5
83 112 13
12 78 12
83 79 9
15 139 7
127 83 14
11 82 2
77 150 11
73 101 14
110 41 19
33 152 11
44 156 15
126 75 3
140 139 2
131 137 18
54 116 14
97 150 20
121 119 16
124 86 4
90 151 13
44 24 13
49 134 5
153 109 8
111 69 11
105 146 15
154 1 12
121 4 13
95 68 16
11 158 19
116 41 17
62 71 18
126 140 2
46 16 2
149 95 13
26 56 18
109 77 19
106 82 18
43 6 8
100 125 14
140 113 11
52 87 14
117 143 15
32 30 17
83 104 6
34 125 15
10 152 6
53 18 2
138 84 7
50 135 1
47 115 10
2 157 2
105 134 17
86 93 10
96 126 5
69 105 15
8 83 17
130 47 17
111 122 14
108 105 10
81 150 11
113 42 15
79 11 5
93 32 17
2 16 6
48 12 15
157 11 9
5 15 13
134 153 10
138 4 6
3 85 5
119 151 14
60 114 4
113 120 10
121 102 10
78 123 14
30 97 7
157 76 17
103 38 16
21 111 14
134 158 10
38 111 16
24 74 10
37 98 12
70 28 19
99 50 5
23 51 13
74 54 10
37 28 13
74 61 19
72 91 14
23 155 18
22 101 18
87 53 4
40 157 13
51 140 16
50 119 6
132 55 16
90 126 14
38 96 19
50 149 2
89 146 6
100 84 18
149 128 15
2 41 5
86 13 13
43 38 1
132 4 6
15 120 19
1 10 16
30 110 9
80 25 1
71 26 4
116 38 14
141 131 15
25 9 15
156 98 13
18 123 16
89 137 13
19 79 11
98 103 11
9 55 7
51 18 12
32 74 6
56 82 12
138 105 4
155 68 20
84 130 4
98 34 3
67 52 6
148 75 8
3 83 6
95 119 6
146 16 19
50 121 3
46 114 2
45 79 3
36 145 13
30 60 20
127 147 8
45 135 15
65 20 12
90 15 16
140 61 18
35 155 10
64 140 9
117 127 9
87 28 15
152 47 6
76 78 10
139 114 15
126 92 5
35 126 18
133 116 7
8 158 5
35 134 14
81 142 6
84 80 17
96 122 3
112 55 4
78 73 9
39 97 20
154 104 18
89 37 15
91 43 3
110 143 16
72 22 12
6 124 2
94 137 17
43 154 20
49 8 3
33 58 6
139 145 19
45 109 3
36 43 6
130 66 17
4 92 16
24 61 12
98 39 9
61 31 3
54 10 8
152 71 13
14 32 5
97 88 4
130 109 13
31 42 16
69 106 10
125 7 2
16 103 13
130 43 5
122 39 17
9 89 18
108 134 5
84 99 5
91 18 12
30 2 11
93 124 9
74 26 18
17 24 11
82 33 11
145 18 1
4 27 16
36 72 12
37 85 12
86 137 1
37 26 2
146 72 19
104 133 5
93 4 4
23 36 9
117 15 17
150 100 11
54 61 18
50 59 17
138 96 6
130 44 7
35 1 20
103 69 1
132 134 1
19 123 1
23 97 1
99 56 2
136 48 20
20 3 10
106 58 7
15 126 17
149 88 18
114 149 13
50 142 19
31 48 12
70 15 3
131 147 2
77 76 3
23 59 10
37 25 18
111 38 7
96 48 12
40 125 1
70 13 4
65 112 18
37 100 20
113 101 14
100 97 19
146 93 17
98 77 19
77 116 18
17 111 6
138 136 5
91 77 10
151 2 5
14 110 8
147 96 6
38 35 13
135 37 3
30 149 5
131 101 10
80 151 11
81 48 14
43 53 16
80 13 1
140 135 3
117 54 15
44 15 6
5 66 8
81 22 14
15 46 8
153 88 18
11 137 17
50 72 12
5 63 5
59 106 13
116 110 1
19 31 12
3 84 15
102 56 14
95 143 4
112 31 17
18 41 2
63 17 5
42 21 2
86 5 3
65 154 19
67 4 5
95 59 19
138 67 19
83 85 7
140 84 18
86 65 8
109 136 11
69 127 12
113 131 18
98 36 9
65 14 14
148 22 6
112 111 1
18 120 18
103 111 17
118 103 11
32 147 17
133 29 7
156 64 15
146 3 20
23 12 4
106 29 13
70 131 2
157 16 5
120 36 11
152 23 19
136 4 14
58 67 8
45 154 20
19 18 5
97 144 3
68 142 10
68 102 15
52 20 6
19 117 12
93 78 10
136 34 9
126 18 11
110 59 15
87 120 8
134 116 17
16 47 17
74 30 14
32 110 18
83 54 8
34 38 2
136 79 16
22 136 12
87 74 9
146 30 5
43 69 2
89 105 8
119 1 6
1 33 2
155 40 17
118 55 2
12 158 18
42 119 12
42 140 6
89 86 20
31 56 10
111 96 19
155 150 20
27 56 12
26 68 20
38 48 12
157 90 19
28 67 14
83 46 4
104 25 16
20 139 14
110 24 13
104 102 2
138 65 3
134 62 13
110 82 14
78 42 10
144 33 9
115 135 17
140 157 1
45 137 4
32 93 9
59 156 5
123 107 13
25 147 11
107 74 15
91 32 15
63 112 13
67 148 11
6 21 2
122 5 15
143 128 2
63 78 13
93 110 10
40 109 16
57 140 10
29 73 12
45 62 15
86 138 17
111 130 19
29 136 17
64 48 5
144 79 14
66 10 11
26 95 6
110 2 4
129 115 4
92 20 6
95 117 10
79 121 16
12 95 8
68 1 10
83 64 4
77 114 3
28 41 18
82 156 14
15 101 19
35 143 8
113 31 15
130 153 7
151 132 10
9 103 12
72 129 18
112 93 12
154 74 16
9 15 6
128 158 5
54 79 16
46 124 11
74 8 4
128 53 6
62 51 4
52 30 10
67 138 2
150 106 20
104 82 19
71 141 15
42 105 5
16 53 18
66 31 4
37 82 5
16 74 3
74 88 16
155 105 7
136 28 5
81 157 7
119 150 4
105 126 17
80 129 20
154 96 12
143 95 16
3 17 10
72 25 18
50 131 1
125 5 12
93 109 10
6 79 20
148 100 8
150 116 17
147 140 6
120 118 19
100 94 18
38 59 5
36 152 12
74 83 8
40 94 17
30 93 12
17 3 3
3 48 16
128 94 3
28 8 19
121 32 10
78 85 18
40 100 3
116 102 7
76 48 19
24 155 13
127 51 6
92 159 19
95 10 17
19 109 20
119 135 18
146 135 11
34 49 19
100 72 13
19 8 17
63 89 3
65 36 12
150 105 2
159 129 3
34 118 14
95 64 2
155 10 3
44 159 6
69 19 9
120 132 14
79 100 6
133 51 6
153 40 7
149 49 2
27 159 8
68 134 1
87 123 8
144 148 13
77 152 1
115 146 14
132 147 10
108 125 20
147 57 16
122 71 7
145 138 11
45 4 17
74 68 20
16 132 6
124 97 5
37 153 1
84 149 19
105 12 7
108 86 12
115 86 17
95 155 6
67 21 17
4 158 3
53 72 11
157 84 10
6 111 20
92 154 4
103 50 15
45 3 9
139 83 7
25 135 20
153 58 13
132 129 15
55 53 4
61 4 15
78 84 19
36 8 15
68 145 12
1 117 11
149 30 8
29 117 16
140 94 14
148 27 7
83 20 7
101 21 9
34 144 19
108 99 19
152 19 2
90 125 17
18 131 5
106 127 16
67 82 18
34 66 1
143 98 8
80 62 14
32 79 5
18 48 8
26 156 9
141 130 16
123 73 15
90 64 19
141 91 2
13 95 6
22 35 2
107 77 14
37 113 13
159 26 7
31 121 20
20 81 17
156 158 4
123 2 15
143 34 13
5 67 13
117 1 12
68 19 8
115 126 4
36 83 13
34 37 12
48 159 6
24 140 19
42 91 10
67 128 20
110 55 12
103 73 11
67 94 20
85 153 8
23 47 7
144 104 1
46 28 6
100 139 1
154 46 8
6 9 11
90 87 10
32 157 12
120 41 16
54 17 20
80 73 19
82 66 14
141 23 14
146 28 4
44 43 3
21 158 15
31 52 20
135 48 5
57 53 19
110 134 9
26 42 7
156 33 20
123 100 7
121 90 9
91 120 7
67 25 19
17 8 4
28 24 9
18 67 5
149 84 20
132 15 11
8 64 15
159 89 13
102 96 9
152 138 9
58 131 19
85 154 19
28 146 15
20 152 9
103 158 2
118 50 10
26 36 9
127 57 17
83 18 13
157 28 1
65 55 13
132 57 20
151 50 20
20 133 2
63 108 3
63 46 9
116 103 5
53 19 12
50 46 12
40 26 17
12 82 16
88 57 16
122 11 14
152 106 13
95 151 13
157 129 3
151 105 6
71 70 12
61 8 4
34 44 3
149 91 10
137 16 20
3 119 17
147 106 13
35 97 3
54 93 12
112 159 11
132 34 15
101 108 8
88 16 5
17 104 15
60 126 8
132 72 20
7 95 15
87 9 6
124 8 8
74 24 1
5 39 17
22 11 11
128 18 5
110 88 5
122 96 10
86 30 9
70 12 18
32 17 9
67 33 2
78 20 16
95 16 17
93 45 7
20 159 16
127 154 6
111 149 16
74 143 17
105 63 12
1 153 12
109 129 5
79 86 17
78 80 13
105 147 16
104 130 12
50 56 20
70 102 5
119 32 1
38 43 10
115 123 14
113 36 19
156 155 17
18 105 7
122 38 17
95 104 14
52 116 8
10 142 5
48 19 15
73 46 12
153 108 6
130 51 14
118 13 14
73 43 18
132 144 20
146 41 13
90 120 4
135 122 11
83 94 5
13 72 12
135 10 12
153 81 14
137 108 15
67 46 5
138 86 9
68 132 13
153 137 17
48 37 16
60 108 19
27 79 8
36 91 9
116 149 17
64 85 4
36 55 3
47 117 1
19 111 2
151 15 6
80 77 14
20 38 16
48 109 12
58 97 5
112 137 16
95 106 18
150 123 8
11 106 9
115 144 16
153 63 9
102 131 4
39 75 15
86 89 11
117 128 12
61 22 10
8 116 19
77 35 18
139 86 17
37 110 17
89 28 6
125 113 12
14 97 4
52 118 4
106 154 14
35 9 15
37 43 4
147 138 16
135 15 2
149 43 19
114 81 11
54 18 14
105 61 9
51 56 15
103 97 7
95 153 9
103 100 9
4 114 10
152 82 8
32 4 10
85 106 16
116 8 16
92 63 10
76 146 10
96 66 10
132 113 10
72 5 18
111 83 7
34 23 19
11 68 6
157 59 12
147 102 10
71 9 20
109 141 15
113 118 13
2 144 6
108 43 14
159 117 6
4 77 5
105 9 2
90 3 11
156 20 3
148 124 15
22 7 8
43 5 4
101 95 13
105 110 2
19 126 3
7 6 6
81 103 6
37 51 7
116 23 6
129 100 2
74 14 17
112 24 12
6 125 19
83 8 4
45 59 3
1 81 8
130 106 2
119 116 17
59 51 15
30 3 4
146 47 18
151 97 9
118 117 17
70 125 15
111 10 10
51 104 3
110 124 8
4 38 4
142 109 11
86 129 5
128 33 18
94 104 14
29 159 17
124 51 7
61 66 16
38 49 4
66 32 4
55 22 16
93 119 13
157 138 2
137 53 6
113 111 20
12 97 20
120 142 13
157 117 16
49 128 5
72 119 3
5 78 15
2 57 8
99 149 11
78 46 8
114 143 2
52 146 11
29 2 13
99 144 11
31 100 11
126 151 17
129 123 17
83 106 18
60 19 20
159 21 13
101 22 17
11 116 10
39 147 17
116 133 14
96 102 7
59 64 15
108 136 9
134 157 17
144 113 7
23 26 3
7 24 10
79 66 20
69 2 7
4 79 18
63 44 3
96 20 12
64 54 10
53 76 9
23 8 6
75 87 6
26 155 10
78 16 10
27 96 15
159 147 15
101 136 15
85 89 1
52 104 18
99 155 6
97 3 14
2 137 17
43 29 9
126 110 2
51 124 14
68 94 4
98 85 1
122 24 5
88 120 11
88 2 17
91 45 9
92 76 15
46 83 7
82 119 6
46 58 20
140 123 9
150 32 17
15 20 11
60 11 17
145 65 10
132 106 20
18 29 7
130 56 8
20 65 11
136 37 15
155 22 7
91 6 7
115 151 11
69 107 16
92 77 14
43 129 1
107 96 15
53 67 8
23 93 13
124 44 11
43 103 2
98 108 15
34 88 8
120 149 1
99 57 8
122 4 3
22 20 3
21 123 17
60 59 15
103 140 9
147 6 9
106 93 8
151 83 9
90 65 8
138 68 3
159 14 5
14 5 4
65 28 16
40 159 10
128 4 19
32 39 11
1 79 13
128 118 10
51 70 7
158 127 19
49 102 9
122 92 9
112 86 10
12 58 11
136 123 10
115 12 6
56 145 13
28 108 4
9 109 20
124 89 2
10 57 10
153 113 6
76 99 8
124 153 5
108 42 7
127 10 7
120 122 4
23 137 14
146 151 11
153 59 4
149 75 6
14 157 2
126 37 15
135 128 1
23 86 1
159 46 1
22 43 6
8 119 8
64 95 3
53 95 8
66 19 9
115 34 16
40 5 8
62 133 5
154 92 5
108 41 8
145 64 9
136 82 17
94 62 12
142 66 4
100 32 10
106 14 4
84 88 20
159 79 15
147 142 15
8 125 12
39 99 5
57 130 6
69 20 19
112 12 15
36 22 10
61 48 6
51 120 6
67 117 4
159 8 15
38 106 11
94 3 16
3 22 6
140 22 13
148 142 13
4 137 6
120 99 6
61 159 17
21 83 2
113 123 4
39 139 19
27 121 4
103 79 17
81 104 1
105 127 1
93 114 13
100 124 10
134 3 5
52 18 3
36 53 5
45 61 2
147 139 10
25 99 13
39 117 17
127 135 7
152 25 17
126 28 1
104 45 15
139 23 19
5 106 11
65 103 19
55 138 10
79 40 12
132 97 10
124 122 6
17 149 19
120 119 13
33 29 17
106 19 16
8 73 17
16 8 7
155 65 15
110 30 19
6 131 11
41 28 9
154 41 14
13 157 18
11 45 19
73 3 19
56 153 3
9 58 19
140 90 4
8 154 9
49 5 14
131 23 10
16 114 19
73 113 16
138 120 9
139 62 18
73 45 8
53 134 12
145 128 20
119 58 6
90 7 7
105 120 5
104 73 12
8 53 1
53 26 11
109 90 14
72 3 2
51 115 19
85 3 7
128 31 10
131 155 6
146 102 5
149 20 4
55 155 13
86 32 4
114 132 3
80 103 20
110 19 6
111 27 9
60 13 12
55 108 17
4 14 6
48 20 16
1 60 3
121 65 14
51 101 2
32 52 9
118 37 11
101 18 11
145 26 16
86 143 16
134 89 3
60 148 6
22 138 19
157 79 12
114 130 20
73 93 2
14 36 13
101 113 10
150 154 2
24 148 15
84 62 12
31 40 2
28 119 13
141 15 4
102 79 15
82 3 17
92 14 1
142 73 4
6 146 18
87 7 6
131 50 11
146 104 1
19 47 16
13 128 11
140 151 6
71 74 11
86 47 20
56 59 13
118 33 1
62 76 20
34 113 14
88 4 17
79 9 9
94 61 20
22 69 9
21 42 3
6 51 10
144 7 16
102 34 2
18 6 14
56 148 7
59 112 1
153 159 17
54 112 12
79 15 2
71 44 6
159 139 14
100 92 6
109 78 1
104 68 19
152 94 18
38 120 5
105 33 20
104 87 17
22 67 11
39 107 16
151 76 19
99 89 8
94 81 13
68 119 6
138 7 15
83 39 6
2 59 5
43 130 9
109 47 17
21 146 2
100 6 2
39 74 9
12 139 10
60 157 12
117 35 12
44 93 16
152 24 8
6 69 9
47 138 12
3 50 10
112 56 10
125 101 19
36 121 14
93 120 13
156 101 6
19 107 13
125 87 11
158 78 15
90 114 5
27 59 4
143 53 8
65 153 6
111 158 8
152 63 5
15 57 8
61 132 17
12 105 12
2 29 9
98 102 13
42 94 7
37 14 12
136 70 12
130 126 1
142 82 4
87 109 18
95 128 6
97 156 6
27 39 9
154 59 7
31 72 19
7 67 2
2 12 18
53 3 5
69 10 12
80 26 14
94 48 2
121 13 2
121 71 13
134 110 13
145 24 16
117 78 5
96 114 13
30 87 6
75 116 16
77 128 9
137 78 1
26 121 2
68 124 6
130 62 19
10 148 5
97 122 16
148 131 3
100 133 18
55 110 15
25 84 20
135 45 13
44 9 18
3 147 3
65 148 4
84 101 5
120 63 2
138 75 20
118 111 15
142 35 6
44 79 19
84 89 7
62 79 12
50 58 1
133 84 18
19 72 19
120 144 13
36 118 16
146 62 11
151 25 9
78 122 8
93 132 10
12 46 19
46 78 12
150 76 11
110 60 3
35 57 15
143 77 5
134 27 13
138 148 20
71 121 1
8 92 19
88 79 1
91 48 3
7 35 12
151 29 2
132 47 8
32 73 20
10 147 11
48 99 12
137 112 9
17 5 13
136 81 16
146 154 12
12 52 18
66 83 7
16 19 2
28 104 15
78 81 14
124 29 7
67 135 13
83 70 20
5 85 20
158 141 20
51 103 9
137 29 9
115 157 7
129 146 5
55 42 14
144 53 13
30 9 12
6 38 12
113 95 20
139 78 6
62 140 5
152 79 16
17 133 7
150 118 2
35 93 2
157 69 19
121 22 4
149 87 7
59 148 8
16 152 8
74 115 8
5 143 7
137 19 19
30 101 13
65 53 13
47 65 8
111 2 20
61 16 8
59 82 11
42 111 6
145 159 14
24 1 15
98 37 3
3 35 14
89 103 5
115 107 1
157 73 10
81 155 9
143 159 15
93 87 11
79 17 18
115 99 1
109 154 8
46 1 15
1 104 8
62 61 19
146 128 5
74 155 11
67 147 6
20 29 16
78 99 11
113 19 18
33 81 4
34 138 9
63 42 5
27 17 11
26 12 13
41 62 19
29 96 11
142 69 15
81 28 4
26 35 19
106 13 5
85 76 15
69 140 14
94 152 7
136 89 11
115 71 8
23 77 8
118 102 17
70 24 6
145 98 11
28 62 15
96 43 8
115 35 6
26 159 13
29 97 1
56 69 7
27 14 18
2 112 11
23 154 10
138 114 16
79 127 9
35 142 1
60 141 5
14 78 5
70 72 3
109 128 5
111 6 7
59 85 16
37 39 3
42 92 4
17 61 15
63 1 13
27 155 4
79 20 12
64 51 11
15 142 17
74 67 5
36 106 19
120 4 15
136 65 1
124 150 13
90 157 15
159 61 17
110 8 20
17 57 9
48 98 1
11 59 1
117 63 1
88 29 2
81 102 18
128 41 10
139 25 11
111 144 5
100 154 20
2 155 18
32 65 19
58 51 1
145 6 3
159 143 4
7 64 12
47 3 8
48 140 10
147 61 9
149 56 6
106 46 17
4 96 9
75 101 11
159 11 7
90 54 14
85 28 7
40 15 9
51 89 14
146 35 20
115 124 20
64 124 9
30 123 13
93 69 16
12 79 17
156 118 19
126 9 14
156 137 3
120 70 3
10 104 17
133 147 6
109 31 13
58 8 10
19 150 2
137 2 13
142 158 5
82 42 8
26 22 18
13 50 15
129 14 2
86 71 11
97 66 11
24 123 7
134 49 9
9 111 7
47 31 15
64 71 7
30 14 10
89 82 8
63 158 17
6 100 9
59 140 1
99 148 17
38 2 9
47 88 13
94 51 15
120 145 18
137 14 17
42 96 6
144 93 19
31 157 10
32 87 10
108 120 5
146 145 5
123 158 13
91 21 18
9 7 7
101 28 18
120 111 1
91 13 10
156 79 13
156 121 11
130 112 4
20 111 8
144 44 18
95 112 2
27 35 19
154 97 16
39 109 3
101 152 9
116 50 20
153 67 9
92 28 4
115 17 11
86 26 12
51 69 19
1 82 14
102 127 20
95 34 9
19 134 19
88 20 14
158 49 14
39 66 16
124 17 20
16 11 10
101 19 3
104 24 11
82 104 6
26 5 4
113 24 9
135 115 8
109 124 18
100 144 15
42 85 3
53 144 13
71 30 3
20 16 20
21 75 17
2 49 15
62 89 14
11 53 4
37 123 18
118 69 18
73 64 7
88 140 12
65 158 15
71 85 13
83 141 16
45 30 13
139 19 3
48 144 9
37 56 19
17 46 15
7 127 6
92 126 4
4 55 16
107 130 18
154 19 3
124 21 19
82 57 7
133 62 5
83 154 17
114 86 10
144 89 10
26 101 12
136 53 18
54 26 7
103 47 18
11 5 1
143 152 17
36 105 13
155 89 15
95 40 8
122 101 13
65 73 10
90 102 13
23 92 14
143 122 6
65 136 20
159 102 8
7 40 16
148 115 9
110 141 13
16 55 2
31 156 6
73 148 19
90 72 3
131 29 14
140 63 20
135 26 19
116 93 6
132 92 20
109 68 9
23 151 1
115 88 8
12 143 12
159 78 19
24 63 5
42 90 17
61 45 15
143 139 16
117 77 9
131 111 20
114 124 17
118 122 13
99 36 5
69 31 16
72 152 9
108 68 14
19 89 5
39 82 5
74 101 6
94 109 1
93 115 9
41 27 1
129 78 17
155 85 2
22 121 9
127 76 11
146 110 3
45 88 2
58 21 17
128 145 1
57 60 19
72 139 18
33 11 12
34 131 12
143 137 7
40 107 5
65 6 20
137 12 17
116 157 20
98 58 18
36 39 12
100 41 15
110 11 11
17 125 11
19 143 20
84 39 8
107 22 17
142 145 9
9 26 15
144 51 8
133 10 10
98 144 17
15 88 9
92 84 18
58 86 20
34 15 5
79 73 2
140 97 2
106 78 15
95 92 12
118 131 4
49 69 3
63 118 17
46 129 8
79 143 12
157 142 14
63 79 15
102 141 8
55 147 13
57 118 14
145 122 3
148 64 20
152 60 19
107 87 18
70 84 13
156 120 14
149 46 20
129 118 4
27 77 9
12 39 4
117 152 10
85 57 4
39 127 2
1 136 9
131 75 18
119 91 6
75 16 10
131 55 19
24 95 9
3 36 11
78 128 15
12 57 16
67 55 1
137 20 12
76 46 11
62 151 11
59 12 6
67 62 9
52 148 17
108 56 18
88 128 4
150 58 6
127 77 17
89 100 15
113 56 19
90 130 8
124 111 17
52 79 1
128 95 12
20 64 3
108 89 9
109 105 18
83 58 11
3 13 10
59 61 6
72 65 20
50 144 20
71 31 9
20 62 6
84 31 7
44 135 18
33 150 17
102 41 11
151 13 5
87 111 13
94 53 20
108 22 3
76 117 12
109 34 20
51 74 10
68 137 12
85 125 11
36 2 18
99 156 12
34 135 12
67 156 6
143 40 17
18 158 16
68 157 17
133 58 4
58 108 15
2 81 6
154 125 6
147 122 2
105 17 7
40 149 9
38 132 9
25 76 5
117 119 3
73 80 5
2 70 20
128 96 6
94 119 5
56 58 4
143 147 13
117 56 7
5 13 8
126 155 10
80 156 19
97 124 18
22 58 10
94 114 8
38 112 20
21 25 5
52 70 5
107 117 2
45 122 14
94 117 11
140 137 10
104 71 6
56 122 15
117 76 1
64 118 14
105 39 14
66 11 19
23 19 11
30 158 7
20 155 20
123 151 5
104 113 11
9 88 3
147 121 11
19 1 16
84 96 6
33 115 8
147 39 14
110 34 11
149 102 6
73 41 8
81 55 2
135 12 20
142 22 10
17 54 20
116 34 19
76 150 3
25 100 7
142 98 7
51 19 19
113 98 7
56 66 12
143 75 19
102 47 17
137 126 5
3 103 15
101 120 3
119 117 13
142 129 7
103 157 3
158 148 14
119 131 20
34 156 18
7 96 9
5 73 7
28 76 11
146 77 15
129 46 13
117 85 16
74 11 9
41 10 18
13 37 19
48 132 16
34 134 2
88 105 14
85 74 20
7 32 19
56 116 8
134 117 3
96 148 12
17 36 13
137 25 8
82 91 4
156 30 2
145 84 6
54 35 17
76 23 8
139 53 3
62 123 14
155 45 11
95 83 18
11 111 11
111 31 15
48 11 9
78 86 15
139 18 10
118 155 4
159 157 6
49 16 10
93 63 8
17 88 20
135 95 7
24 105 7
27 31 1
7 133 3
124 54 6
138 98 6
140 31 20
3 132 20
31 7 6
61 10 7
17 105 20
150 155 18
129 139 2
106 43 4
97 23 12
14 133 6
1 130 13
116 99 5
65 141 11
60 153 13
55 46 4
95 131 8
26 131 12
115 84 2
121 98 1
70 20 17
82 4 9
117 98 6
80 82 10
11 88 12
84 45 16
113 155 6
157 75 13
134 50 20
12 129 20
52 101 1
90 22 18
39 47 11
29 118 1
98 113 9
141 103 1
158 30 19
122 77 1
1 49 10
67 26 14
14 79 13
80 98 8
103 22 11
121 143 7
36 48 2
70 31 10
111 20 14
124 98 6
153 158 12
17 151 18
38 89 15
106 103 19
114 23 2
78 5 16
75 121 16
37 53 15
125 21 11
69 56 13
85 29 10
41 157 6
3 14 13
103 118 8
77 22 4
109 151 14
150 74 20
138 146 7
57 11 4
144 109 16
55 116 17
88 116 5
81 99 20
35 101 15
143 18 20
59 92 19
128 20 3
122 115 8
4 11 20
148 99 19
129 67 8
72 101 12
30 63 10
121 94 15
125 148 6
65 27 10
103 129 9
75 7 14
143 15 7
4 46 16
33 130 12
68 26 17
142 117 2
70 123 10
27 33 11
104 36 14
73 27 14
112 89 2
155 149 11
133 7 10
126 117 18
156 104 10
154 50 19
115 129 12
141 154 12
64 32 13
50 129 1
46 45 3
104 136 12
71 19 1
65 42 18
145 101 19
71 97 8
46 67 8
91 37 10
36 13 14
32 31 14
136 133 5
110 38 8
84 82 19
97 75 6
117 75 15
8 137 2
43 15 10
22 123 11
133 137 19
44 42 8
66 116 13
105 67 19
20 41 11
51 45 8
58 22 9
84 81 3
21 140 5
140 12 7
22 146 3
24 54 1
74 98 8
130 90 10
131 36 10
109 134 20
140 126 3
43 63 17
52 109 16
51 47 15
34 91 15
18 13 16
62 72 6
83 13 8
159 38 16
62 66 18
21 154 3
67 64 9
157 135 11
132 90 9
44 33 5
71 115 16
119 114 17
135 16 14
121 142 7
56 101 12
102 119 18
117 150 13
117 30 11
25 66 20
91 128 13
150 20 14
131 47 5
142 62 15
12 145 17
62 78 10
12 69 1
103 123 13
19 142 18
149 29 14
121 20 14
125 14 1
145 33 8
156 18 4
76 53 16
48 74 7
76 37 12
94 19 9
74 130 19
10 95 6
99 34 20
42 9 8
95 130 14
94 37 19
28 140 20
117 47 12
133 145 9
43 70 12
85 11 14
105 140 19
84 49 12
130 101 12
7 139 5
99 22 17
52 155 10
70 38 5
135 100 3
41 25 17
18 66 12
21 139 9
67 107 10
44 28 19
39 150 15
91 150 1
58 100 17
22 134 19
87 128 12
49 74 9
17 158 9
9 31 10
52 58 8
90 110 3
17 4 11
103 110 8
133 123 16
148 121 1
43 98 6
6 113 5
30 89 3
131 19 14
159 128 13
133 91 9
79 28 3
11 50 18
33 92 16
152 102 1
123 11 6
83 49 12
17 134 12
50 107 6
77 111 17
97 13 16
107 147 6
16 102 4
8 44 16
131 54 13
49 79 1
24 47 14
157 143 20
148 66 8
85 78 3
33 65 8
21 40 20
140 10 20
138 144 19
39 80 6
23 66 13
119 139 18
111 65 18
64 97 15
69 34 20
15 158 11
53 93 18
63 7 17
132 158 16
139 122 1
154 70 17
39 29 18
8 101 6
104 118 20
63 131 14
115 6 15
103 12 11
75 95 18
54 57 11
72 12 8
15 85 11
70 89 13
41 151 15
123 106 19
124 63 12
157 77 8
154 15 8
90 31 4
121 1 10
73 50 20
60 158 9
104 81 2
42 75 5
91 149 12
67 45 15
2 10 2
40 151 12
146 36 12
38 77 7
30 136 10
46 51 13
112 21 7
64 134 8
157 103 12
107 142 11
86 145 12
72 82 12
102 151 7
99 94 18
117 25 11
48 1 19
48 36 10
79 33 8
20 9 9
117 31 4
98 4 18
28 117 14
13 60 20
140 18 10
29 44 19
131 63 15
114 18 1
71 48 18
159 39 5
148 35 5
158 14 14
69 79 5
113 49 2
16 105 4
118 109 6
7 52 17
149 118 8
25 149 3
7 141 14
3 154 18
28 11 15
65 97 19
47 68 5
36 111 4
145 100 19
154 55 5
97 60 10
51 155 16
23 78 14
82 88 15
75 65 3
72 19 20
41 129 17
95 13 9
154 36 17
1 86 16
54 34 16
39 64 15
68 60 7
139 27 12
34 10 20
154 8 12
155 93 7
158 13 13
115 143 1
100 103 3
25 77 14
37 75 20
157 22 15
96 62 2
2 108 7
87 37 1
139 28 9
12 151 13
158 155 6
86 103 4
78 91 4
112 139 15
135 111 4
108 137 19
4 110 16
154 144 18
149 39 9
19 138 14
83 78 8
62 93 1
64 74 2
29 22 18
58 25 2
24 19 11
112 47 16
35 50 15
121 70 18
70 134 18
69 9 20
130 115 13
10 67 10
4 31 10
136 56 4
37 106 5
102 77 19
155 29 3
4 15 11
22 144 15
110 1 15
86 56 11
122 45 20
98 118 19
135 107 4
132 128 5
95 140 2
118 86 20
59 36 11
42 47 4
100 10 12
74 156 5
39 43 8
101 36 12
81 11 17
7 115 19
128 60 16
15 146 15
5 38 3
98 112 5
149 105 13
28 148 12
152 88 5
29 49 13
39 42 8
153 20 10
53 123 6
40 8 4
82 97 13
24 35 1
48 24 6
86 22 11
99 133 18
65 29 16
98 51 9
31 43 19
65 51 2
77 62 15
68 101 19
65 89 5
27 45 5
55 104 19
147 127 18
119 157 12
11 28 5
75 4 19
121 79 18
29 106 9
148 46 8
35 141 10
51 82 19
147 109 16
71 150 5
27 146 6
146 6 2
76 66 9
110 48 18
38 85 1
48 62 11
33 134 5
80 121 1
76 111 6
34 106 20
117 80 5
34 145 13
69 118 3
32 129 3
5 31 5
38 5 9
117 51 10
84 67 10
141 12 19
56 47 16
92 46 12
86 90 6
89 79 12
19 64 4
51 153 14
117 5 5
13 136 20
47 119 8
92 148 17
156 116 16
49 117 1
100 36 6
142 125 10
155 101 1
86 118 2
141 90 13
56 154 18
108 55 10
67 116 14
156 37 12
114 30 15
45 68 5
107 79 4
53 41 13
133 26 11
112 134 11
72 33 7
100 140 17
144 48 13
91 126 16
41 15 11
129 152 4
33 149 4
112 138 13
13 124 2
132 149 1
76 30 11
60 85 7
97 64 19
36 28 13
65 49 3
124 131 13
47 26 16
131 145 11
35 109 4
55 8 8
147 112 10
58 54 12
49 61 15
100 37 11
89 65 6
33 13 10
138 143 20
40 31 2
1 80 4
27 62 5
126 98 7
140 3 4
104 35 11
157 133 17
48 153 17
81 153 9
114 80 15
42 76 17
33 105 13
52 10 2
62 33 13
63 5 8
35 34 4
107 50 16
155 4 8
87 84 9
81 79 11
16 86 8
48 135 3
46 65 10
123 29 15
104 41 11
28 56 16
149 6 20
35 42 15
95 54 12
1 127 18
38 121 10
152 50 16
33 62 2
79 122 11
107 18 6
96 108 6
137 149 12
57 47 18
110 64 8
58 125 15
28 158 11
109 139 1
128 108 14
103 53 3
159 99 12
110 3 11
80 76 16
45 89 7
128 89 20
134 6 20
89 62 10
148 55 13
144 17 2
12 147 8
152 41 9
92 90 15
141 159 20
129 52 5
66 114 11
51 20 15
138 156 6
87 14 15
87 136 10
143 65 10
71 84 15
107 24 8
148 87 2
144 15 10
70 114 10
106 109 11
82 65 13
95 133 4
158 6 9
24 115 12
107 43 9
81 75 12
134 148 2
3 74 13
5 81 1
154 116 19
123 41 12
51 145 5
74 44 1
86 11 16
88 10 20
92 17 20
120 32 15
3 131 15
3 21 19
44 91 5
83 53 6
153 142 18
122 40 15
156 68 11
42 110 11
98 147 1
150 110 3
158 3 8
78 70 5
40 36 20
56 2 11
44 66 17
34 99 8
25 50 10
58 26 17
9 36 5
21 96 14
122 42 1
66 23 17
14 124 15
20 157 19
77 24 15
66 130 6
140 32 12
76 47 3
126 139 13
67 151 6
114 90 20
62 109 11
147 111 13
154 37 11
24 17 15
158 92 5
106 72 6
158 57 10
143 97 8
114 50 9
65 30 2
152 135 6
131 26 16
77 159 10
148 112 8
59 123 11
60 78 14
99 39 14
63 33 19
62 40 18
100 111 3
126 81 4
18 139 20
75 74 15
12 128 16
114 125 17
36 76 10
105 113 9
72 36 11
150 15 20
106 122 6
50 35 9
18 143 14
15 89 1
98 104 10
133 2 7
33 140 17
135 124 2
34 147 1
89 58 17
1 76 2
98 21 3
53 96 2
140 79 16
12 14 5
46 86 5
14 142 16
153 56 8
69 63 3
21 72 10
1 150 17
93 27 9
101 73 10
112 83 15
95 33 19
1 116 15
63 34 11
105 11 18
51 8 19
52 158 7
46 146 5
146 59 14
24 67 9
118 25 19
106 50 8
124 22 20
154 32 17
45 125 16
107 91 19
152 77 4
7 88 15
79 110 5
54 97 14
140 119 15
132 82 4
138 53 4
66 107 12
145 41 19
82 106 6
69 33 3
134 77 17
143 26 4
4 91 11
62 136 11
159 150 20
158 29 4
34 111 16
7 116 8
121 93 14
115 11 14
68 8 19
89 53 18
154 86 17
156 138 19
32 68 9
31 136 12
67 139 1
129 153 13
70 47 7
102 146 4
22 18 9
120 50 10
75 62 13
120 88 8
107 157 20
151 127 6
14 37 17
28 131 15
73 124 19
1 125 8
120 53 7
153 136 6
144 103 11
38 55 17
110 114 20
36 33 15
72 124 9
141 152 11
65 57 10
82 27 12
75 35 3
25 148 14
133 152 3
26 83 5
75 53 14
76 18 2
82 18 9
142 144 3
60 47 4
88 142 12
106 77 11
74 37 3
149 139 4
72 156 13
65 22 4
124 68 19
137 135 10
30 72 7
71 63 11
104 12 19
130 120 9
119 10 4
151 147 3
25 13 17
76 116 13
13 15 14
20 70 19
76 115 19
120 124 14
117 107 9
128 50 7
146 142 15
45 87 3
141 128 18
69 87 8
101 12 11
58 135 4
92 40 15
16 127 5
101 34 9
17 22 15
130 119 12
35 17 16
80 90 11
32 108 1
71 151 4
39 15 11
97 48 10
107 7 4
59 137 8
126 97 10
131 45 8
16 83 12
142 84 10
5 57 20
112 63 3
96 40 3
150 156 20
92 106 18
140 77 6
21 93 19
94 142 7
77 66 9
81 122 8
52 139 7
42 127 5
143 50 3
121 30 9
70 135 1
148 36 7
54 38 14
82 92 9
68 35 8
120 13 11
44 89 4
73 13 2
134 102 3
155 138 19
115 23 15
88 41 12
48 77 4
61 71 17
67 40 5
35 39 1
52 63 1
127 144 17
44 133 8
41 131 12
78 44 17
2 56 5
64 113 19
153 99 16
70 150 8
70 117 6
37 27 2
7 1 1
47 57 13
52 125 12
16 77 14
105 157 6
27 141 13
93 20 8
61 151 13
157 128 14
132 112 14
108 130 14
108 83 6
66 24 18
158 128 6
60 119 10
142 13 4
80 88 18
58 159 7
114 40 9
81 148 5
57 40 17
122 63 14
133 106 13
8 26 13
125 31 19
124 154 4
4 120 19
107 1 20
95 31 16
68 136 20
112 149 8
122 99 14
18 30 7
6 63 13
13 132 17
37 101 3
138 24 11
61 91 6
108 30 11
22 61 14
9 45 20
22 102 8
104 65 17
9 14 7
154 105 4
103 134 6
150 146 7
31 67 13
152 16 5
51 109 4
131 85 8
119 107 15
93 9 2
139 69 6
95 61 10
44 114 3
123 35 9
141 158 12
39 3 2
90 52 11
155 121 8
83 22 11
62 128 18
17 136 1
